
strategic_region={
	id=10
	name="STRATEGICREGION_10"
	provinces={
		30 39 67 74 75 135 138 158 160  225 274 283 284 307 387 403 426 428 453 481 495 501 502 503 505 508 529 537 597 608 612 625 633 650 664 665 668 675 717 732 740 760 770 780 817 874 876 905 932 937 946 964 970 975 978 1034 1040 1068 1082 1096 1145 1179 1187 1203 1253 1263 1269 1278 1291 1298 1305 1307 1329 1339 1342 1351 1426 1442 1445 1495 1499 1515 1523 1561 1566 1658 1678 1707 1750 1754 1851 3167 3179 3189 3220 3227 3239 3254 3255 3282 3297 3317 3331 3335 3348 3349 3350 3352 3358 3368 3373 3387 3389 3404 3411 3416 3417 3418 3431 3434 3435 3437 3441 3447 3449 3452 3457 3459 3466 3469 3470 3480 3484 3487 3488 3499 3508 3514 3519 3527 3538 3550 3555 3559 3560 3574 3575 3586 3590 3602 3611 3612 3630 3631 3640 3651 3652 3660 3664 3667 3669 3675 3688 3698 3701 3703 3715 3717 3722 3726 
	}
	weather={
	}
}
