
strategic_region={
	id=126
	name="STRATEGICREGION_126"
	provinces={
		11797 11798 11799 11800 11806 11807 11810 11821 11834 11836 11844 11849 11861 11863 11867 11869 11871 11876 11879 11880 11885 11888 11908 11920 11922 11923 11932 11935 11945 11951 11955 11978 11983 11992 11996 12003 12021 12022 12029 12036 12055 12062 12067 12068 12073 12074 12089 12098 12111 12114 12122 12128 12133 12137 12138 12143 12146 12159 12168 12182 12187 12188 12197 12206 12209 12221 12224 12225 12238 12239 12242 12257 12262 12264 12285 12291 12312 12320 12322 12333 12349 12352 12364 12370 12376 12377 12390 12392 12400 12414 12443 12448 12463 12472 12473 12475 12481 12485 12498 12502 12509 12514 12517 12525 12543 12559 12560 12562 12565 12568 12569 12570 12585 12587 12595 12602 12624 12626 12627 12666 12670 12703 12714 12734 12740 12744 12746 12752 12772 12776 12784 12798 12806 12834 12836 12842 12845 12849 12851 12854 12858 12859 12876 12886 12892 12895 12904 12919 12924 12936 12937 12938 12954 12956 12962 12965 12969 12979 12982 12993 12995 13000 13004 13014 13021 13025 13027 13038 13041 13061 13062 13066 13071 13072 13079 13083 13092 13098 13102 13113 13118 13120 13129 13153 13154 13155 13170 13175 13189 13196 13202 13214 13224 13228 13231 13250 13253 13271 13273 13277 13284 13291 13293 13300 13306 13308 13327 13333 13337 13348 13357 13375 13377 13381 13401 13420 13423 13455 13465 13476 13512 13515 13522 13529 13534 13542 13543 13564 13572 13582 13588 13594 13617 13618 13636 13656 13673 13676 13677 13681 13708 13710 13711 13722 13766 13768 13789 13793 13801 13811 13816 13822 13836 13846 13859 13905 13925 13927 13931 13939 13940 13953 13962 13989 13990 14009 14038 14044 14065 14066 14075 14082 14083 14115 14134 14158 14218 14249 14251 14263 14267 14268 14294 14303 14307 14343 14360 14364 14368 14382 14403 14418 14454 14457 14476 14500 14506 14509 14519 14536 14542 14587 14599 14626 14647 14663 14672 14683 14707 14708 14714 14717 14729 14734 14756 14759 14785 14795 14844 14853 14855 14865 14907 14926 14949 14973 15026 15035 15043 15055 15058 15060 15062 15073 15081 15089 15111 15121 15128 15143 15144 15146 15149 15190 15196 15202 15237 15256 15355 15414 15419 15472 15474 15476 15481 15529 15532 15534 15546 15560 15564 15572 15573 15658 15705 15752 15770 15774 15798 15814 15826 15844 15859 15890 15899 15912 15925 15932 15935 15939 15968 15971 15979 15986 16039 16044 16046 16056 16148 16166 16181 16206 16987 16996 16997 17011 17012 17016 17025 17028 17030 17031 17032 17040 17041 17047 17050 17053 17078 17079 17082 17089 17091 17094 17097 17102 17103 17104 17109 17110 17111 17112 17114 17120 17122 17123 17124 17127 17134 17136 17140 17141 17314 17315 
	}
	naval_terrain=water_deep_ocean
	weather={
		period={
			between={ 0.0 30.0 }
			temperature={ 5.0 30.0 }
			no_phenomenon=0.500
			rain_light=0.400
			rain_heavy=0.300
			snow=0.000
			blizzard=0.000
			arctic_water=0.000
			mud=1.000
			sandstorm=0.000
			min_snow_level=0.000
		}
		period={
			between={ 0.1 27.1 }
			temperature={ 5.0 30.0 }
			no_phenomenon=0.500
			rain_light=0.400
			rain_heavy=0.300
			snow=0.000
			blizzard=0.000
			arctic_water=0.000
			mud=1.000
			sandstorm=0.000
			min_snow_level=0.000
		}
		period={
			between={ 0.2 30.2 }
			temperature={ 5.0 30.0 }
			no_phenomenon=0.500
			rain_light=0.400
			rain_heavy=0.300
			snow=0.000
			blizzard=0.000
			arctic_water=0.000
			mud=1.000
			sandstorm=0.000
			min_snow_level=0.000
		}
		period={
			between={ 0.3 29.3 }
			temperature={ 5.0 30.0 }
			no_phenomenon=0.500
			rain_light=0.400
			rain_heavy=0.300
			snow=0.000
			blizzard=0.000
			arctic_water=0.000
			mud=1.000
			sandstorm=0.000
			min_snow_level=0.000
		}
		period={
			between={ 0.4 30.4 }
			temperature={ 5.0 30.0 }
			no_phenomenon=0.500
			rain_light=0.400
			rain_heavy=0.300
			snow=0.000
			blizzard=0.000
			arctic_water=0.000
			mud=1.000
			sandstorm=0.000
			min_snow_level=0.000
		}
		period={
			between={ 0.5 29.5 }
			temperature={ 5.0 30.0 }
			no_phenomenon=0.500
			rain_light=0.400
			rain_heavy=0.300
			snow=0.000
			blizzard=0.000
			arctic_water=0.000
			mud=1.000
			sandstorm=0.000
			min_snow_level=0.000
		}
		period={
			between={ 0.6 30.6 }
			temperature={ 5.0 30.0 }
			no_phenomenon=0.500
			rain_light=0.400
			rain_heavy=0.300
			snow=0.000
			blizzard=0.000
			arctic_water=0.000
			mud=1.000
			sandstorm=0.000
			min_snow_level=0.000
		}
		period={
			between={ 0.7 30.7 }
			temperature={ 5.0 30.0 }
			no_phenomenon=0.500
			rain_light=0.400
			rain_heavy=0.300
			snow=0.000
			blizzard=0.000
			arctic_water=0.000
			mud=1.000
			sandstorm=0.000
			min_snow_level=0.000
		}
		period={
			between={ 0.8 29.8 }
			temperature={ 5.0 30.0 }
			no_phenomenon=0.500
			rain_light=0.400
			rain_heavy=0.300
			snow=0.000
			blizzard=0.000
			arctic_water=0.000
			mud=1.000
			sandstorm=0.000
			min_snow_level=0.000
		}
		period={
			between={ 0.9 30.9 }
			temperature={ 5.0 30.0 }
			no_phenomenon=0.500
			rain_light=0.400
			rain_heavy=0.300
			snow=0.000
			blizzard=0.000
			arctic_water=0.000
			mud=1.000
			sandstorm=0.000
			min_snow_level=0.000
		}
		period={
			between={ 0.10 29.10 }
			temperature={ 5.0 30.0 }
			no_phenomenon=0.500
			rain_light=0.400
			rain_heavy=0.300
			snow=0.000
			blizzard=0.000
			arctic_water=0.000
			mud=1.000
			sandstorm=0.000
			min_snow_level=0.000
		}
		period={
			between={ 0.11 30.11 }
			temperature={ 5.0 30.0 }
			no_phenomenon=0.500
			rain_light=0.400
			rain_heavy=0.300
			snow=0.000
			blizzard=0.000
			arctic_water=0.000
			mud=1.000
			sandstorm=0.000
			min_snow_level=0.000
		}
	}
}
