
strategic_region={
	id=13
	name="STRATEGICREGION_13"
	provinces={
		224 263 324 385 642 751 857 873 936 996 998 1134 1292 1313 1387 1758 1836 1861 2545 2558 2586 2626 2653 2682 2714 2715 2739 2744 2784 2807 2832 2833 2843 2849 2859 2869 2888 2907 2915 2924   
		80 122 192 239 318 388 469 533 619 754 984 1106 1125 1132 1271 1421 1432 1456 1480 1537 1741 1788 1822 2543 2546 2620 2656 2672 2683 2707 2708 2723 2727 2731 2765 2766 2774 2788 2789 2799 2800 2827 2838 2844 2853 2864 2865 2877 2911 2993 2998 3044 3134 3142
		382 477 613 663 699 735 776 977 1018 1117 1175 1343 1363 1469 1646 1684 1699 3303 3252 3253 3334 3372 3382 3408 3410 3468 3 281 360 498 525 701 737 1119 1293 1425 1453 1535 1651 1731 1751 1764 1826 2947 2948 2955 2992 2966 2986 2987 3033 3070 3077 3095 3101 3108 3121 3122 3131 3141 3147 3186 3218 3223
		83 186 237 292 341 441 491 555 691 774 1760 1773 2406 2429 2447 2524 2528 2538 2554 2555 2559 2581 2587 2591 2596 2597 2618 2621 2622 2635 2645 2657 2669 2684 2685 2724 2728 2740 2839
	}
	weather={
	}
}
