
strategic_region={
	id=16
	name="STRATEGICREGION_16"
	provinces={
		411 564 606 899 911 1017 1045 1055 1079 1198 1241 1443 1604 2111 2053 2058 2062 2063 2066 2069 2084 2086 2075 2089 2091 2092 2098 2114
		25 97 128 232 244 370 390 427 549 566 653 667 700 720 773 841 868 965 1086 1211 1283 1462 1530 1582 1638 1717 1783 1804 2087 2088 2093 2097 2099 2101 2105 2106 2110 2113 2115 2118 2120 2123 2124 2125 2126 2128 2132 2133 2134 2138 2140 2142 2143 2152 2156 2162 2163 2168
		23 36 38 46 202 255 302 322 361 521 714 731 772 805 1015 1197 1219 1396 1428 1440 1446 1478 1496 1674 1669 1673 1749 1811 1832 2144 2149 2158 2170 2173 2175 2177 2180 2182 2183 2190 2192 2195 2198 2202 2207 2208 2214 2215
		93 333 531 542 644 651 777 790 823 825 832 856 884 988 1003 1171 1176 1256 1615 1632 1701 1725 1848 2048 2056 2061 2067 2076 2081 2095 2102 2103 2104 2107 2108 2109 2112 2116 2117 2119 2121 2122 2127 2129 2130 2131 2136 2137 2153  
		2135 2148
	}
	weather={
	}
}
