
strategic_region={
	id=33
	name="STRATEGICREGION_33"
	provinces={
		25 31 47 55 61 62 87 91 156 166 186 189 217 226 229 257 265 267 274 297 312 355 372 390 426 433 460 484 499 507 515 534 535 547 578 602 610 622 630 638 645 661 663 665 679 681 720 727 731 779 803 856 889 895 931 953 960 969 974 984 1026 1048 1052 1054 1063 1070 1076 1095 1101 1104 1109 1117 1123 1143 1156 1164 1179 1185 1193 1211 1214 1230 1251 1262 1296 1350 1351 1371 1374 1390 1397 1422 1435 1441 1473 1475 1479 1490 1496 1566 1595 1612 1613 1621 1653 1662 1663 1712 1716 1717 1718 1728 1733 1739 1756 1773 1782 1797 1800 1823 1838 1879 1881 1896 1898 1912 1929 1932 1938 1972 1987 1996 2003 2021 2079 2087 2088 2106 2113 2123 2135 2167 2203 2217 2239 2251 2265 2268 2277 2292 2324 2326 2329 2334 2340 2373 2379 2397 2408 2425 2433 2465 2471 2487 2494 2497 2574 2578 2580 2583 2592 2618 2632 2634 2644 2648 2649 2660 2700 2702 2717 2744 2752 2788 2824 2849 2858 2875 2888 2889 2891 2919 2934 2937 2974 2976 2978 2988 3015 3023 3025 3041 3048 3074 3075 3079 3086 3087 3088 3090 3112 3121 3122 3136 3150 3167 3171 3186 3190 3229 3242 3243 3250 3252 3257 3282 3287 3290 3331 3334 3340 3359 3365 3387 3397 3411 3412 3423 3430 3469 3475 3477 3480 3489 3497 3505 3511 3518 3522 3543 3583 3604 3611 3640 3643 3648 3660 3680 3716 3722 3748 3750 3766 3776 3823 3826 3853 3857 3863 3864 3868 3922 3928 3957 3967 3974 4032 4056 4073 4089 4098 4127 4128 4135 4137 4141 4143 4147 4165 4177 4188 4202 4203 4217 4232 4242 4254 4265 4278 4299 4305 4354 4355 4358 4367 4373 4386 4393 4399 4412 4429 4444 4449 4477 4478 4486 4498 4506 4508 4538 4567 4584 4585 4592 4593 4597 4602 4634 4691 4695 4717 4723 4725 4738 4740 4741 4743 4784 4803 4811 4820 4842 4845 4850 4858 4881 4884 4897 4907 4915 4951 4981 4999 5020 5030 5048 5110 5116 5125 5134 5142 5182 5183 5187 5191 5210 5217 5237 5266 5293 5297 5299 5354 5356 5375 5378 5384 5398 5402 5422 5448 5449 5453 5473 5534 5553 5561 5572 5582 5602 5610 5627 5637 5643 5647 5659 5672 5683 5695 5697 5703 5709 5719 5782 5788 5791 5800 5802 5819 5823 5835 5850 5856 5862 5863 5875 5890 5905 5907 5924 5965 5985 5994 6006 6028 6052 6055 6111 6116 6137 6164 6187 6202 6206 6223 6226 6295 6297 6312 6362 6369 6422 6426 6429 6434 6456 6460 6473 6483 6499 6537 6556 6560 6563 6585 6611 6625 6635 6683 6694 6718 6723 6742 6764 6774 6783 6833 6840 6866 6877 6881 6910 6916 6918 6920 6931 6938 6978 6995 7006 7009 7057 7070 7098 7112 7132 7145 7146 7151 7156 7157 7166 7169 8240 8252 8311 8321 8323 8354 8377 8379 8388 8389 8413 8417 8421 8423 8431 8432 8433 8438 8449 8450 8451 8457 8458 8465 8471 8478 8479 8506 8508 8519 8528 8539 8542 8549 8561 8565 8568 8574 8576 8578 8586 8587 8594 8598 8606 8607 8627 8644 8646 8659 8661 8666 8669 8677 8683 8697 8724 8726 8733 8757 8759 8768 8775 8791 8795 8804 8817 8822 8826 8835 8858 8874 8919 8925 8950 8962 8963 8968 8970 8977 8980 8990 8995 9002 9004 9009 9014 9020 9021 9031 9038 9039 9042 9048 9057 9060 9062 9064 9073 9101 9121 9140 9143 9148 9151 9153 9154 9169 9184 9186 9187 9191 9210 9218 9223 9224 9229 9230 9233 9236 9242 9247 9250 9254 9257 9266 9273 9276 9286 9290 9295 9304 9311 9312 9313 9316 9317 9331 9335 9336 9337 9338 9345 9346 9348 9349 9351 9356 9365 9373 9375 9377 9385 9390 9395 9401 9402 9403 9411 9412 9415 9421 9423 9426 9433 9437 9446 9448 9455 9461 9463 9469 9478 9487 9490 9499 9501 9504 9507 9509 9514 9517 9518 9522 9526 9529 9540 9544 9547 9558 9563 9566 9568 9569 9572 9573 9576 9579 9580 9582 9584 9585 9587 9592 9593 9599 9600 9602 9605 9606 9609 9611 9613 9616 9621 9622 9623 9628 9629 9631 9634 9635 9636 9638 9641 9642 9647 9648 9650 9651 9655 9658 9661 9662 9666 9667 9671 9672 9677 9681 9683 9685 9687 9690 9694 9696 9699 9706 9707 9710 9713 9716 9717 9718 9719 9724 9727 9728 9733 9734 9737 9749 9750 9753 9763 9764 9779 9781 9791 9796 9811 9815 9820 9845 17281 17284 17285 17289 17290 
	}
	weather={
		period={
			between={ 0.0 30.0 }
			temperature={ -25.0 -6.0 }
			no_phenomenon=0.600
			rain_light=0.000
			rain_heavy=0.000
			snow=0.250
			blizzard=0.150
			arctic_water=0.000
			mud=1.000
			sandstorm=0.000
			min_snow_level=0.000
		}
		period={
			between={ 0.1 27.1 }
			temperature={ -23.0 -2.0 }
			no_phenomenon=0.650
			rain_light=0.000
			rain_heavy=0.000
			snow=0.250
			blizzard=0.100
			arctic_water=0.000
			mud=1.000
			sandstorm=0.000
			min_snow_level=0.000
		}
		period={
			between={ 0.2 30.2 }
			temperature={ -14.0 6.0 }
			no_phenomenon=0.650
			rain_light=0.050
			rain_heavy=0.000
			snow=0.250
			blizzard=0.050
			arctic_water=0.000
			mud=1.000
			sandstorm=0.000
			min_snow_level=0.000
		}
		period={
			between={ 0.3 29.3 }
			temperature={ -1.0 15.0 }
			no_phenomenon=0.600
			rain_light=0.100
			rain_heavy=0.100
			snow=0.150
			blizzard=0.050
			arctic_water=0.000
			mud=1.000
			sandstorm=0.000
			min_snow_level=0.000
		}
		period={
			between={ 0.4 30.4 }
			temperature={ 7.0 22.0 }
			no_phenomenon=0.550
			rain_light=0.200
			rain_heavy=0.250
			snow=0.000
			blizzard=0.000
			arctic_water=0.000
			mud=1.000
			sandstorm=0.000
			min_snow_level=0.000
		}
		period={
			between={ 0.5 29.5 }
			temperature={ 13.0 28.0 }
			no_phenomenon=0.550
			rain_light=0.200
			rain_heavy=0.250
			snow=0.000
			blizzard=0.000
			arctic_water=0.000
			mud=1.000
			sandstorm=0.000
			min_snow_level=0.000
		}
		period={
			between={ 0.6 30.6 }
			temperature={ 16.0 31.0 }
			no_phenomenon=0.550
			rain_light=0.200
			rain_heavy=0.250
			snow=0.000
			blizzard=0.000
			arctic_water=0.000
			mud=1.000
			sandstorm=0.000
			min_snow_level=0.000
		}
		period={
			between={ 0.7 30.7 }
			temperature={ 15.0 30.0 }
			no_phenomenon=0.550
			rain_light=0.200
			rain_heavy=0.250
			snow=0.000
			blizzard=0.000
			arctic_water=0.000
			mud=1.000
			sandstorm=0.000
			min_snow_level=0.000
		}
		period={
			between={ 0.8 29.8 }
			temperature={ 8.0 22.0 }
			no_phenomenon=0.550
			rain_light=0.200
			rain_heavy=0.250
			snow=0.000
			blizzard=0.000
			arctic_water=0.000
			mud=1.000
			sandstorm=0.000
			min_snow_level=0.000
		}
		period={
			between={ 0.9 30.9 }
			temperature={ 1.0 15.0 }
			no_phenomenon=0.600
			rain_light=0.200
			rain_heavy=0.050
			snow=0.150
			blizzard=0.000
			arctic_water=0.000
			mud=1.000
			sandstorm=0.000
			min_snow_level=0.000
		}
		period={
			between={ 0.10 29.10 }
			temperature={ -13.0 4.0 }
			no_phenomenon=0.600
			rain_light=0.050
			rain_heavy=0.000
			snow=0.250
			blizzard=0.100
			arctic_water=0.000
			mud=1.000
			sandstorm=0.000
			min_snow_level=0.000
		}
		period={
			between={ 0.11 30.11 }
			temperature={ -23.0 -3.0 }
			no_phenomenon=0.600
			rain_light=0.000
			rain_heavy=0.000
			snow=0.300
			blizzard=0.100
			arctic_water=0.000
			mud=1.000
			sandstorm=0.000
			min_snow_level=0.000
		}
	}
}
