
strategic_region={
	id=35
	name="STRATEGICREGION_35"
	provinces={
		5 48 52 60 78 110 116 147 151 161 190 236 239 241 256 258 273 322 324 348 359 364 379 382 391 402 403 407 415 428 429 441 453 455 467 489 496 500 505 506 521 523 546 549 550 581 597 601 606 627 628 639 640 652 682 702 712 728 740 748 767 768 786 798 802 814 847 880 900 901 906 914 921 946 958 965 977 983 1000 1018 1020 1053 1062 1067 1069 1074 1081 1083 1116 1140 1157 1162 1167 1170 1173 1190 1201 1212 1218 1246 1266 1272 1275 1280 1286 1289 1297 1302 1354 1378 1385 1398 1400 1404 1413 1430 1434 1455 1466 1486 1494 1498 1504 1505 1507 1536 1542 1550 1551 1568 1575 1589 1598 1611 1630 1684 1702 1725 1743 1746 1750 1768 1788 1795 1802 1813 1815 1841 1844 1856 1863 1891 1927 1928 1931 1942 1949 1952 1970 2017 2038 2044 2055 2080 2089 2110 2129 2132 2140 2144 2145 2153 2194 2218 2227 2244 2250 2272 2315 2316 2317 2320 2327 2336 2351 2378 2380 2383 2384 2398 2401 2407 2417 2429 2456 2475 2498 2519 2520 2529 2531 2560 2611 2612 2624 2653 2658 2698 2701 2703 2736 2751 2765 2777 2793 2804 2846 2851 2870 2887 2906 2915 2932 2953 2959 2987 3002 3004 3019 3065 3072 3080 3083 3098 3100 3114 3139 3143 3203 3206 3217 3262 3271 3293 3295 3349 3350 3355 3360 3366 3381 3395 3401 3409 3414 3416 3434 3443 3466 3472 3487 3502 3533 3537 3541 3558 3571 3618 3639 3642 3655 3662 3670 3682 3686 3693 3710 3715 3718 3723 3727 3734 3747 3764 3765 3777 3779 3781 3793 3819 3839 3840 3841 3854 3874 3908 3927 3936 3949 3960 3975 3991 3997 4004 4005 4009 4012 4027 4060 4064 4097 4102 4116 4122 4144 4150 4169 4172 4179 4182 4187 4190 4194 4199 4204 4210 4211 4240 4247 4258 4260 4263 4264 4267 4293 4378 4379 4405 4422 4431 4438 4441 4447 4476 4483 4484 4493 4504 4515 4525 4527 4533 4540 4570 4574 4588 4628 4641 4666 4669 4671 4686 4692 4694 4705 4736 4750 4770 4785 4830 4862 4865 4867 4876 4896 4903 4948 4963 4971 4988 5000 5002 5010 5024 5027 5035 5075 5117 5144 5170 5177 5190 5209 5240 5308 5314 5316 5335 5410 5412 5439 5456 5458 5469 5540 5547 5576 5577 5593 5607 5612 5613 5651 5693 5729 5777 5779 5804 5849 5851 5861 5881 5883 5899 5913 5914 5934 5935 5952 5979 6021 6058 6097 6103 6139 6156 6181 6242 6252 6254 6281 6323 6339 6360 6382 6427 6454 6490 6491 6519 6544 6572 6584 6616 6621 6638 6641 6646 6682 6725 6734 6737 6746 6765 6788 6795 6846 6851 6897 6899 6911 6912 6922 6981 6984 7021 7034 7036 7074 7075 7086 7089 7109 7167 7170 7560 7568 7604 7628 7631 7648 7666 7671 7679 7695 7699 7702 7715 7735 7748 7755 7759 7770 7776 7780 7782 7783 7796 7799 7806 7809 7810 7811 7812 7822 7823 7824 7825 7826 7828 7835 7836 7837 7839 7854 7856 7860 7867 7872 7879 7883 7884 7887 7888 7890 7891 7893 7895 7903 7907 7913 7915 7921 7925 7932 7939 7940 7946 7948 7958 7963 7967 7973 7985 7988 7996 7997 7998 8004 8006 8007 8009 8011 8013 8014 8017 8020 8023 8026 8027 8029 8030 8031 8032 8036 8039 8043 8049 8051 8058 8062 8067 8072 8076 8077 8083 8084 8085 8088 8089 8090 8092 8096 8099 8100 8101 8103 8104 8107 8108 8110 8111 8114 8119 8120 8122 8132 8133 8138 8144 8145 8149 8151 8155 8157 8160 8164 8165 8167 8174 8175 8176 8180 8183 8186 8191 8192 8198 8199 8201 8204 8209 8212 8214 8217 8224 8225 8226 8234 8235 8238 8243 8247 8248 8254 8255 8259 8260 8261 8263 8264 8265 8269 8270 8271 8273 8275 8276 8277 8282 8286 8290 8291 8292 8293 8298 8299 8304 8308 8309 8314 8317 8318 8320 8324 8329 8334 8336 8337 8339 8341 8342 8345 8347 8350 8352 8355 8356 8363 8364 8366 8370 8374 8380 8382 8390 8391 8392 8402 8404 8405 8408 8409 8414 8415 8419 8426 8430 8434 8435 8443 8447 8452 8455 8463 8475 8481 8484 8494 8495 8496 8497 8509 8511 8533 8537 8554 8562 8570 8583 8584 17176 17192 17203 17219 17220 17222 17231 17250 17271 
	}
	weather={
		period={
			between={ 0.0 30.0 }
			temperature={ -42.0 -20.0 }
			no_phenomenon=0.600
			rain_light=0.000
			rain_heavy=0.000
			snow=0.250
			blizzard=0.150
			arctic_water=0.000
			mud=0.500
			sandstorm=0.000
			min_snow_level=0.000
		}
		period={
			between={ 0.1 27.1 }
			temperature={ -38.0 -16.0 }
			no_phenomenon=0.650
			rain_light=0.000
			rain_heavy=0.000
			snow=0.250
			blizzard=0.100
			arctic_water=0.000
			mud=0.500
			sandstorm=0.000
			min_snow_level=0.000
		}
		period={
			between={ 0.2 30.2 }
			temperature={ -26.0 -4.0 }
			no_phenomenon=0.650
			rain_light=0.050
			rain_heavy=0.000
			snow=0.250
			blizzard=0.050
			arctic_water=0.000
			mud=0.500
			sandstorm=0.000
			min_snow_level=0.000
		}
		period={
			between={ 0.3 29.3 }
			temperature={ -12.0 5.0 }
			no_phenomenon=0.600
			rain_light=0.100
			rain_heavy=0.100
			snow=0.150
			blizzard=0.050
			arctic_water=0.000
			mud=0.500
			sandstorm=0.000
			min_snow_level=0.000
		}
		period={
			between={ 0.4 30.4 }
			temperature={ -2.0 13.0 }
			no_phenomenon=0.550
			rain_light=0.200
			rain_heavy=0.250
			snow=0.000
			blizzard=0.000
			arctic_water=0.000
			mud=0.500
			sandstorm=0.000
			min_snow_level=0.000
		}
		period={
			between={ 0.5 29.5 }
			temperature={ 5.0 19.0 }
			no_phenomenon=0.550
			rain_light=0.200
			rain_heavy=0.250
			snow=0.000
			blizzard=0.000
			arctic_water=0.000
			mud=0.500
			sandstorm=0.000
			min_snow_level=0.000
		}
		period={
			between={ 0.6 30.6 }
			temperature={ 8.0 24.0 }
			no_phenomenon=0.550
			rain_light=0.200
			rain_heavy=0.250
			snow=0.000
			blizzard=0.000
			arctic_water=0.000
			mud=0.500
			sandstorm=0.000
			min_snow_level=0.000
		}
		period={
			between={ 0.7 30.7 }
			temperature={ 7.0 22.0 }
			no_phenomenon=0.550
			rain_light=0.200
			rain_heavy=0.250
			snow=0.000
			blizzard=0.000
			arctic_water=0.000
			mud=0.500
			sandstorm=0.000
			min_snow_level=0.000
		}
		period={
			between={ 0.8 29.8 }
			temperature={ 1.0 16.0 }
			no_phenomenon=0.550
			rain_light=0.200
			rain_heavy=0.250
			snow=0.000
			blizzard=0.000
			arctic_water=0.000
			mud=0.500
			sandstorm=0.000
			min_snow_level=0.000
		}
		period={
			between={ 0.9 30.9 }
			temperature={ -10.0 6.0 }
			no_phenomenon=0.600
			rain_light=0.200
			rain_heavy=0.050
			snow=0.150
			blizzard=0.000
			arctic_water=0.000
			mud=0.500
			sandstorm=0.000
			min_snow_level=0.000
		}
		period={
			between={ 0.10 29.10 }
			temperature={ -27.0 -8.0 }
			no_phenomenon=0.600
			rain_light=0.050
			rain_heavy=0.000
			snow=0.250
			blizzard=0.100
			arctic_water=0.000
			mud=0.500
			sandstorm=0.000
			min_snow_level=0.000
		}
		period={
			between={ 0.11 30.11 }
			temperature={ -38.0 -17.0 }
			no_phenomenon=0.600
			rain_light=0.000
			rain_heavy=0.000
			snow=0.300
			blizzard=0.100
			arctic_water=0.000
			mud=0.500
			sandstorm=0.000
			min_snow_level=0.000
		}
	}
}
