
strategic_region={
	id=36
	name="STRATEGICREGION_36"
	provinces={
		13 22 34 69 96 99 131 149 152 165 179 194 197 202 218 224 233 261 284 292 300 304 313 317 349 357 358 371 385 387 388 393 395 413 419 424 451 454 483 490 503 509 517 533 568 572 590 591 592 603 605 607 618 620 642 653 684 691 706 722 723 733 759 781 789 805 838 849 855 861 897 916 920 926 933 945 968 970 979 982 1044 1050 1068 1071 1107 1112 1149 1165 1168 1196 1225 1247 1252 1261 1270 1295 1305 1324 1341 1373 1375 1392 1407 1412 1446 1449 1453 1463 1474 1502 1506 1515 1518 1593 1594 1624 1640 1643 1656 1671 1703 1723 1734 1749 1762 1778 1809 1817 1825 1855 1859 1861 1878 1883 1889 1890 1925 1940 1943 1959 1962 1963 1964 2011 2016 2020 2030 2070 2083 2097 2121 2130 2143 2157 2163 2173 2198 2201 2221 2235 2253 2254 2260 2263 2296 2305 2339 2352 2359 2360 2395 2441 2464 2477 2480 2532 2539 2552 2579 2585 2650 2662 2686 2697 2699 2770 2778 2815 2821 2830 2839 2841 2881 2913 2918 2929 2930 2938 2940 2968 2993 3006 3011 3021 3024 3028 3029 3109 3129 3170 3173 3209 3219 3241 3246 3267 3270 3319 3337 3341 3343 3346 3347 3361 3383 3444 3531 3536 3551 3568 3591 3593 3610 3636 3650 3687 3691 3712 3726 3738 3780 3802 3814 3822 3837 3844 3856 3861 3866 3872 3883 3937 3938 3941 3946 3968 3983 3987 4062 4069 4071 4079 4117 4152 4158 4164 4196 4215 4224 4259 4270 4276 4303 4321 4326 4369 4383 4390 4394 4443 4454 4461 4465 4468 4480 4573 4596 4656 4667 4670 4679 4680 4687 4703 4718 4720 4734 4748 4781 4872 4906 4967 4985 4992 5041 5055 5084 5164 5189 5196 5199 5203 5245 5252 5256 5259 5303 5328 5368 5421 5438 5467 5494 5505 5555 5566 5585 5598 5608 5611 5678 5687 5732 5743 5841 5843 5854 5855 5916 5973 5977 6032 6088 6094 6107 6120 6132 6146 6153 6212 6233 6235 6248 6273 6311 6328 6353 6368 6377 6378 6385 6423 6457 6461 6525 6554 6555 6562 6576 6583 6619 6632 6637 6651 6655 6688 6701 6751 6755 6797 6852 6894 6906 6908 6965 6985 7037 7051 7080 7087 7111 7148 7195 7196 7197 7198 7205 7206 7210 7215 7217 7221 7248 7249 7254 7256 7262 7268 7291 7305 7309 7317 7320 7321 7325 7328 7339 7347 7350 7351 7352 7358 7365 7367 7370 7380 7389 7404 7417 7420 7440 7442 7446 7450 7458 7459 7461 7462 7466 7469 7471 7495 7502 7510 7511 7517 7519 7532 7536 7542 7553 7558 7559 7561 7569 7571 7572 7578 7586 7587 7594 7603 7613 7622 7627 7630 7636 7638 7641 7645 7653 7654 7660 7667 7669 7674 7678 7686 7687 7690 7693 7700 7711 7714 7719 7721 7722 7725 7726 7727 7728 7729 7737 7750 7757 7758 7760 7762 7764 7766 7769 7775 7779 7789 7790 7793 7794 7795 7802 7817 7818 7819 7827 7831 7832 7843 7844 7847 7853 7855 7863 7864 7873 7875 7876 7894 7897 7902 7905 7906 7912 7917 7923 7928 7929 7931 7935 7944 7945 7950 7952 7954 7960 7961 7984 7995 8003 8061 8066 8078 8080 8105 8131 17243 17244 17245 17246 17247 17248 17249 17253 17254 17257 
	}
	weather={
		period={
			between={ 0.0 30.0 }
			temperature={ -42.0 -20.0 }
			no_phenomenon=0.600
			rain_light=0.000
			rain_heavy=0.000
			snow=0.250
			blizzard=0.150
			arctic_water=0.000
			mud=0.500
			sandstorm=0.000
			min_snow_level=0.000
		}
		period={
			between={ 0.1 27.1 }
			temperature={ -38.0 -16.0 }
			no_phenomenon=0.650
			rain_light=0.000
			rain_heavy=0.000
			snow=0.250
			blizzard=0.100
			arctic_water=0.000
			mud=0.500
			sandstorm=0.000
			min_snow_level=0.000
		}
		period={
			between={ 0.2 30.2 }
			temperature={ -26.0 -4.0 }
			no_phenomenon=0.650
			rain_light=0.050
			rain_heavy=0.000
			snow=0.250
			blizzard=0.050
			arctic_water=0.000
			mud=0.500
			sandstorm=0.000
			min_snow_level=0.000
		}
		period={
			between={ 0.3 29.3 }
			temperature={ -12.0 5.0 }
			no_phenomenon=0.600
			rain_light=0.100
			rain_heavy=0.100
			snow=0.150
			blizzard=0.050
			arctic_water=0.000
			mud=0.500
			sandstorm=0.000
			min_snow_level=0.000
		}
		period={
			between={ 0.4 30.4 }
			temperature={ -2.0 13.0 }
			no_phenomenon=0.550
			rain_light=0.200
			rain_heavy=0.250
			snow=0.000
			blizzard=0.000
			arctic_water=0.000
			mud=0.500
			sandstorm=0.000
			min_snow_level=0.000
		}
		period={
			between={ 0.5 29.5 }
			temperature={ 5.0 19.0 }
			no_phenomenon=0.550
			rain_light=0.200
			rain_heavy=0.250
			snow=0.000
			blizzard=0.000
			arctic_water=0.000
			mud=0.500
			sandstorm=0.000
			min_snow_level=0.000
		}
		period={
			between={ 0.6 30.6 }
			temperature={ 8.0 24.0 }
			no_phenomenon=0.550
			rain_light=0.200
			rain_heavy=0.250
			snow=0.000
			blizzard=0.000
			arctic_water=0.000
			mud=0.500
			sandstorm=0.000
			min_snow_level=0.000
		}
		period={
			between={ 0.7 30.7 }
			temperature={ 7.0 22.0 }
			no_phenomenon=0.550
			rain_light=0.200
			rain_heavy=0.250
			snow=0.000
			blizzard=0.000
			arctic_water=0.000
			mud=0.500
			sandstorm=0.000
			min_snow_level=0.000
		}
		period={
			between={ 0.8 29.8 }
			temperature={ 1.0 16.0 }
			no_phenomenon=0.550
			rain_light=0.200
			rain_heavy=0.250
			snow=0.000
			blizzard=0.000
			arctic_water=0.000
			mud=0.500
			sandstorm=0.000
			min_snow_level=0.000
		}
		period={
			between={ 0.9 30.9 }
			temperature={ -10.0 6.0 }
			no_phenomenon=0.600
			rain_light=0.200
			rain_heavy=0.050
			snow=0.150
			blizzard=0.000
			arctic_water=0.000
			mud=0.500
			sandstorm=0.000
			min_snow_level=0.000
		}
		period={
			between={ 0.10 29.10 }
			temperature={ -27.0 -8.0 }
			no_phenomenon=0.600
			rain_light=0.050
			rain_heavy=0.000
			snow=0.250
			blizzard=0.100
			arctic_water=0.000
			mud=0.500
			sandstorm=0.000
			min_snow_level=0.000
		}
		period={
			between={ 0.11 30.11 }
			temperature={ -38.0 -17.0 }
			no_phenomenon=0.600
			rain_light=0.000
			rain_heavy=0.000
			snow=0.300
			blizzard=0.100
			arctic_water=0.000
			mud=0.500
			sandstorm=0.000
			min_snow_level=0.000
		}
	}
}
