
strategic_region={
	id=38
	name="STRATEGICREGION_38"
	provinces={
		10 11 40 49 59 66 76 92 98 105 132 195 216 235 242 260 282 307 308 326 345 351 392 416 435 437 462 475 482 492 498 551 553 559 584 608 626 659 705 710 744 750 785 796 825 827 834 874 884 887 899 909 935 950 967 980 998 1015 1035 1036 1038 1066 1087 1090 1115 1124 1146 1147 1152 1221 1223 1235 1236 1241 1267 1284 1331 1338 1344 1348 1368 1369 1411 1428 1471 1480 1522 1529 1559 1562 1565 1567 1571 1601 1618 1629 1631 1632 1645 1666 1680 1681 1687 1694 1704 1726 1729 1769 1781 1801 1834 1836 1846 1854 1933 1937 1994 2005 2013 2034 2039 2064 2077 2104 2119 2127 2150 2155 2158 2162 2172 2176 2185 2186 2196 2211 2231 2245 2264 2276 2295 2323 2328 2346 2394 2396 2420 2432 2437 2440 2453 2458 2489 2501 2511 2541 2544 2566 2581 2590 2595 2615 2630 2635 2655 2668 2670 2687 2712 2713 2737 2748 2758 2763 2786 2802 2807 2837 2845 2855 2857 2859 2873 2885 2911 2914 2916 2921 2925 2963 2975 2981 2999 3001 3003 3014 3056 3062 3078 3082 3095 3115 3140 3141 3148 3152 3183 3227 3231 3244 3255 3280 3306 3311 3330 3380 3417 3421 3448 3451 3461 3463 3468 3470 3474 3486 3488 3493 3524 3542 3544 3557 3572 3576 3606 3621 3622 3633 3635 3653 3657 3664 3683 3685 3689 3740 3786 3799 3810 3815 3880 3891 3899 3926 3956 3959 3966 3980 4015 4016 4017 4045 4046 4067 4070 4085 4090 4108 4114 4115 4130 4133 4149 4160 4162 4167 4189 4218 4221 4228 4233 4287 4302 4314 4315 4319 4327 4338 4339 4353 4359 4370 4376 4419 4420 4471 4488 4491 4514 4517 4523 4535 4542 4546 4557 4562 4607 4635 4639 4649 4651 4654 4683 4712 4716 4744 4777 4792 4808 4840 4852 4895 4933 4935 4937 4955 4959 4974 4982 5013 5029 5032 5038 5087 5088 5098 5114 5158 5169 5185 5204 5223 5249 5263 5279 5283 5294 5298 5304 5318 5326 5340 5347 5365 5396 5420 5431 5435 5452 5487 5503 5506 5517 5519 5542 5559 5564 5578 5587 5590 5595 5596 5597 5601 5603 5605 5625 5632 5639 5658 5669 5676 5684 5694 5696 5728 5734 5753 5767 5797 5821 5832 5887 5901 5908 5950 5993 6030 6079 6081 6091 6110 6112 6126 6159 6168 6178 6185 6213 6224 6231 6240 6270 6279 6298 6313 6319 6331 6344 6376 6379 6386 6390 6391 6403 6410 6440 6458 6489 6529 6534 6539 6564 6617 6628 6644 6648 6665 6670 6671 6695 6696 6753 6786 6792 6801 6803 6812 6814 6834 6842 6863 6940 6943 6948 6950 6967 6968 6975 7007 7017 7068 7101 7115 8403 8425 8428 8429 8436 8444 8454 8456 8467 8469 8470 8472 8487 8489 8498 8503 8514 8517 8520 8524 8530 8538 8541 8547 8553 8560 8563 8564 8571 8585 8588 8591 8600 8611 8616 8620 8628 8634 8636 8637 8639 8640 8641 8647 8653 8664 8667 8668 8672 8673 8676 8681 8684 8685 8688 8695 8696 8699 8700 8714 8715 8716 8721 8722 8723 8729 8734 8739 8746 8749 8753 8756 8760 8762 8770 8773 8774 8776 8778 8781 8785 8790 8796 8800 8803 8808 8814 8828 8836 8840 8846 8848 8849 8850 8853 8855 8856 8864 8867 8875 8876 8878 8886 8900 8906 8908 8909 8920 8922 8929 8932 8933 8938 8944 8953 8956 8957 8961 8969 8971 8978 8984 8985 8987 8994 9000 9001 9008 9011 9012 9013 9017 9019 9022 9028 9029 9034 9045 9047 9052 9053 9054 9055 9056 9065 9066 9067 9086 9088 9089 9090 9094 9099 9108 9115 9116 9120 9126 9128 9129 9131 9132 9146 9147 9150 9155 9159 9168 9171 9178 9179 9183 9190 9194 9196 9202 9203 9204 9214 9220 9222 9225 9228 9241 9243 9244 9245 9246 9248 9249 9260 9261 9264 9270 9272 9275 9279 9283 9287 9289 9293 9294 9302 9307 9309 9315 9318 9319 9321 9322 9324 9326 9328 9339 9342 9352 9357 9362 9363 9364 9368 9371 9376 9378 9381 9384 9387 9389 9393 9394 9398 9405 9406 9407 9408 9410 9413 9414 9418 9420 9429 9431 9432 9434 9436 9440 9443 9449 9451 9456 9459 9462 9464 9465 9468 9476 9477 9479 9482 9489 9492 9495 9500 9503 9506 9513 9516 9525 9528 9532 9533 9535 9538 9539 9546 9548 9551 9556 9561 9567 9570 17168 17211 17270 17272 17273 17276 17278 17279 17282 17286 17288 
	}
	weather={
		period={
			between={ 0.0 30.0 }
			temperature={ -25.0 -6.0 }
			no_phenomenon=0.600
			rain_light=0.000
			rain_heavy=0.000
			snow=0.250
			blizzard=0.150
			arctic_water=0.000
			mud=1.000
			sandstorm=0.000
			min_snow_level=0.000
		}
		period={
			between={ 0.1 27.1 }
			temperature={ -23.0 -2.0 }
			no_phenomenon=0.650
			rain_light=0.000
			rain_heavy=0.000
			snow=0.250
			blizzard=0.100
			arctic_water=0.000
			mud=1.000
			sandstorm=0.000
			min_snow_level=0.000
		}
		period={
			between={ 0.2 30.2 }
			temperature={ -14.0 6.0 }
			no_phenomenon=0.650
			rain_light=0.050
			rain_heavy=0.000
			snow=0.250
			blizzard=0.050
			arctic_water=0.000
			mud=1.000
			sandstorm=0.000
			min_snow_level=0.000
		}
		period={
			between={ 0.3 29.3 }
			temperature={ -1.0 15.0 }
			no_phenomenon=0.600
			rain_light=0.100
			rain_heavy=0.100
			snow=0.150
			blizzard=0.050
			arctic_water=0.000
			mud=1.000
			sandstorm=0.000
			min_snow_level=0.000
		}
		period={
			between={ 0.4 30.4 }
			temperature={ 7.0 22.0 }
			no_phenomenon=0.550
			rain_light=0.200
			rain_heavy=0.250
			snow=0.000
			blizzard=0.000
			arctic_water=0.000
			mud=1.000
			sandstorm=0.000
			min_snow_level=0.000
		}
		period={
			between={ 0.5 29.5 }
			temperature={ 13.0 28.0 }
			no_phenomenon=0.550
			rain_light=0.200
			rain_heavy=0.250
			snow=0.000
			blizzard=0.000
			arctic_water=0.000
			mud=1.000
			sandstorm=0.000
			min_snow_level=0.000
		}
		period={
			between={ 0.6 30.6 }
			temperature={ 16.0 31.0 }
			no_phenomenon=0.550
			rain_light=0.200
			rain_heavy=0.250
			snow=0.000
			blizzard=0.000
			arctic_water=0.000
			mud=1.000
			sandstorm=0.000
			min_snow_level=0.000
		}
		period={
			between={ 0.7 30.7 }
			temperature={ 15.0 30.0 }
			no_phenomenon=0.550
			rain_light=0.200
			rain_heavy=0.250
			snow=0.000
			blizzard=0.000
			arctic_water=0.000
			mud=1.000
			sandstorm=0.000
			min_snow_level=0.000
		}
		period={
			between={ 0.8 29.8 }
			temperature={ 8.0 22.0 }
			no_phenomenon=0.550
			rain_light=0.200
			rain_heavy=0.250
			snow=0.000
			blizzard=0.000
			arctic_water=0.000
			mud=1.000
			sandstorm=0.000
			min_snow_level=0.000
		}
		period={
			between={ 0.9 30.9 }
			temperature={ 1.0 15.0 }
			no_phenomenon=0.600
			rain_light=0.200
			rain_heavy=0.050
			snow=0.150
			blizzard=0.000
			arctic_water=0.000
			mud=1.000
			sandstorm=0.000
			min_snow_level=0.000
		}
		period={
			between={ 0.10 29.10 }
			temperature={ -13.0 4.0 }
			no_phenomenon=0.600
			rain_light=0.050
			rain_heavy=0.000
			snow=0.250
			blizzard=0.100
			arctic_water=0.000
			mud=1.000
			sandstorm=0.000
			min_snow_level=0.000
		}
		period={
			between={ 0.11 30.11 }
			temperature={ -23.0 -3.0 }
			no_phenomenon=0.600
			rain_light=0.000
			rain_heavy=0.000
			snow=0.300
			blizzard=0.100
			arctic_water=0.000
			mud=1.000
			sandstorm=0.000
			min_snow_level=0.000
		}
	}
}
