
strategic_region={
	id=40
	name="STRATEGICREGION_40"
	provinces={
		20 28 50 56 70 73 84 95 104 142 154 175 178 192 199 203 215 240 268 271 278 280 287 293 298 299 334 338 366 374 396 398 427 440 449 457 463 469 502 504 513 528 529 532 538 548 552 564 569 571 577 589 598 599 600 615 616 651 664 667 669 675 678 709 721 734 743 758 772 809 819 828 831 867 876 877 885 936 963 976 994 999 1025 1030 1041 1065 1075 1094 1098 1106 1126 1132 1134 1160 1177 1195 1200 1204 1210 1238 1263 1278 1304 1317 1319 1355 1366 1370 1376 1394 1414 1421 1423 1427 1433 1461 1464 1500 1538 1553 1558 1560 1576 1603 1623 1633 1634 1636 1651 1654 1677 1685 1689 1692 1708 1711 1751 1763 1776 1789 1790 1791 1793 1826 1830 1832 1833 1866 1867 1870 1902 1915 1919 1922 1923 1944 1957 1978 2041 2049 2067 2068 2076 2086 2107 2118 2161 2174 2189 2200 2207 2234 2241 2243 2262 2282 2283 2287 2290 2294 2300 2332 2342 2343 2372 2402 2427 2446 2455 2500 2507 2525 2543 2558 2568 2602 2604 2605 2606 2620 2625 2639 2654 2664 2676 2678 2704 2705 2720 2742 2755 2761 2767 2768 2771 2779 2787 2790 2791 2795 2803 2813 2823 2828 2831 2853 2866 2905 2950 2952 2956 2965 2970 2980 2983 2985 2991 3013 3032 3053 3058 3061 3128 3179 3200 3211 3215 3216 3236 3269 3275 3276 3294 3305 3322 3325 3348 3356 3372 3376 3379 3403 3428 3442 3460 3464 3512 3526 3539 3554 3556 3570 3578 3587 3596 3600 3602 3623 3651 3652 3667 3672 3676 3684 3700 3702 3706 3737 3753 3761 3789 3791 3807 3827 3834 3836 3842 3877 3901 3902 3924 3969 3977 3979 3988 4000 4006 4034 4040 4052 4074 4084 4096 4105 4107 4118 4205 4214 4226 4231 4290 4294 4312 4316 4324 4325 4330 4331 4348 4364 4371 4398 4400 4401 4407 4425 4452 4458 4460 4467 4470 4496 4513 4532 4543 4548 4568 4577 4632 4643 4644 4645 4662 4663 4665 4673 4677 4722 4727 4755 4764 4783 4790 4791 4800 4806 4818 4821 4828 4878 4886 4900 4923 4932 4950 4964 4973 4990 5007 5040 5047 5056 5071 5078 5083 5112 5135 5139 5159 5160 5195 5212 5220 5232 5262 5275 5292 5307 5322 5325 5331 5336 5338 5343 5353 5361 5370 5391 5405 5409 5440 5451 5462 5466 5483 5502 5511 5521 5549 5556 5565 5575 5581 5591 5599 5606 5617 5622 5624 5626 5644 5681 5686 5699 5761 5790 5796 5836 5876 5891 5923 5925 5929 5939 5942 5946 5948 5982 5987 6011 6015 6045 6048 6051 6054 6074 6101 6128 6151 6160 6162 6180 6195 6199 6201 6204 6210 6218 6222 6239 6245 6275 6286 6299 6335 6352 6361 6373 6384 6406 6408 6420 6438 6463 6464 6476 6482 6567 6569 6592 6593 6595 6600 6604 6623 6626 6633 6636 6645 6653 6667 6673 6698 6713 6716 6745 6747 6770 6789 6809 6821 6824 6831 6839 6843 6879 6937 6957 6976 7020 7022 7024 7026 7033 7041 7042 7053 7056 7067 7077 7082 7093 7122 7126 7131 7162 7165 7798 7808 7821 7833 7834 7840 7852 7862 7865 7866 7874 7877 7878 7882 7889 7896 7899 7909 7911 7919 7920 7924 7927 7930 7951 7962 7970 7971 7972 7978 7982 7983 7986 7993 8000 8001 8002 8012 8025 8028 8038 8055 8056 8057 8059 8060 8069 8073 8075 8079 8082 8095 8098 8112 8113 8116 8125 8126 8127 8129 8136 8137 8140 8143 8148 8150 8161 8163 8170 8171 8172 8189 8193 8206 8207 8208 8211 8216 8221 8227 8228 8229 8230 8233 8237 8246 8249 8253 8257 8262 8267 8274 8280 8283 8284 8285 8289 8295 8300 8303 8306 8313 8315 8325 8328 8331 8333 8338 8353 8358 8361 8362 8369 8372 8373 8381 8384 8385 8393 8394 8396 8397 8398 8400 8401 8406 8407 8412 8418 8420 8440 8441 8442 8445 8461 8468 8473 8476 8477 8483 8485 8488 8490 8491 8492 8493 8499 8501 8504 8510 8512 8513 8515 8518 8521 8522 8523 8526 8527 8532 8534 8535 8544 8546 8548 8555 8556 8557 8569 8572 8575 8577 8589 8590 8592 8593 8595 8601 8602 8603 8604 8608 8612 8614 8624 8629 8631 8638 8642 8654 8655 8656 8660 8678 8682 8687 8689 8691 8702 8706 8707 8711 8718 8719 8720 8735 8737 8738 8742 8747 8750 8754 8765 8777 8780 8788 8793 8794 8798 8801 8809 8820 8821 8824 8829 8843 8852 8854 8857 8861 8868 8879 8882 8889 8895 8901 8903 8912 8913 8914 8924 8927 8939 8952 8965 8979 17262 17277 17280 
	}
	weather={
		period={
			between={ 0.0 30.0 }
			temperature={ -25.0 -6.0 }
			no_phenomenon=0.600
			rain_light=0.000
			rain_heavy=0.000
			snow=0.250
			blizzard=0.150
			arctic_water=0.000
			mud=1.000
			sandstorm=0.000
			min_snow_level=0.000
		}
		period={
			between={ 0.1 27.1 }
			temperature={ -23.0 -2.0 }
			no_phenomenon=0.650
			rain_light=0.000
			rain_heavy=0.000
			snow=0.250
			blizzard=0.100
			arctic_water=0.000
			mud=1.000
			sandstorm=0.000
			min_snow_level=0.000
		}
		period={
			between={ 0.2 30.2 }
			temperature={ -14.0 6.0 }
			no_phenomenon=0.650
			rain_light=0.050
			rain_heavy=0.000
			snow=0.250
			blizzard=0.050
			arctic_water=0.000
			mud=1.000
			sandstorm=0.000
			min_snow_level=0.000
		}
		period={
			between={ 0.3 29.3 }
			temperature={ -1.0 15.0 }
			no_phenomenon=0.600
			rain_light=0.100
			rain_heavy=0.100
			snow=0.150
			blizzard=0.050
			arctic_water=0.000
			mud=1.000
			sandstorm=0.000
			min_snow_level=0.000
		}
		period={
			between={ 0.4 30.4 }
			temperature={ 7.0 22.0 }
			no_phenomenon=0.550
			rain_light=0.200
			rain_heavy=0.250
			snow=0.000
			blizzard=0.000
			arctic_water=0.000
			mud=1.000
			sandstorm=0.000
			min_snow_level=0.000
		}
		period={
			between={ 0.5 29.5 }
			temperature={ 13.0 28.0 }
			no_phenomenon=0.550
			rain_light=0.200
			rain_heavy=0.250
			snow=0.000
			blizzard=0.000
			arctic_water=0.000
			mud=1.000
			sandstorm=0.000
			min_snow_level=0.000
		}
		period={
			between={ 0.6 30.6 }
			temperature={ 16.0 31.0 }
			no_phenomenon=0.550
			rain_light=0.200
			rain_heavy=0.250
			snow=0.000
			blizzard=0.000
			arctic_water=0.000
			mud=1.000
			sandstorm=0.000
			min_snow_level=0.000
		}
		period={
			between={ 0.7 30.7 }
			temperature={ 15.0 30.0 }
			no_phenomenon=0.550
			rain_light=0.200
			rain_heavy=0.250
			snow=0.000
			blizzard=0.000
			arctic_water=0.000
			mud=1.000
			sandstorm=0.000
			min_snow_level=0.000
		}
		period={
			between={ 0.8 29.8 }
			temperature={ 8.0 22.0 }
			no_phenomenon=0.550
			rain_light=0.200
			rain_heavy=0.250
			snow=0.000
			blizzard=0.000
			arctic_water=0.000
			mud=1.000
			sandstorm=0.000
			min_snow_level=0.000
		}
		period={
			between={ 0.9 30.9 }
			temperature={ 1.0 15.0 }
			no_phenomenon=0.600
			rain_light=0.200
			rain_heavy=0.050
			snow=0.150
			blizzard=0.000
			arctic_water=0.000
			mud=1.000
			sandstorm=0.000
			min_snow_level=0.000
		}
		period={
			between={ 0.10 29.10 }
			temperature={ -13.0 4.0 }
			no_phenomenon=0.600
			rain_light=0.050
			rain_heavy=0.000
			snow=0.250
			blizzard=0.100
			arctic_water=0.000
			mud=1.000
			sandstorm=0.000
			min_snow_level=0.000
		}
		period={
			between={ 0.11 30.11 }
			temperature={ -23.0 -3.0 }
			no_phenomenon=0.600
			rain_light=0.000
			rain_heavy=0.000
			snow=0.300
			blizzard=0.100
			arctic_water=0.000
			mud=1.000
			sandstorm=0.000
			min_snow_level=0.000
		}
	}
}
