
strategic_region={
	id=50
	name="STRATEGICREGION_50"
	provinces={
		24 86 126 165 231 256 268 299 358 362 379 381 399 544 561 593 600 638 656 710 789 931 980 983 994 995 1012 1049 1051 1056 1080 1124 1140 1180 1182 1208 1335 1434 1555 1559 1570 1577 1586 1639 1644 1648 1649 1666 1680 1718 1778 1802 1824 1858 3055 3056 3057 3111 3112 3159 3163 3169 3175 3208 3234 3248 3276 3277 3284 3295 3310 3319 3323 3324 3325 3333 3344 3347 3359 3360 3365 3366 3370 3391 3393 3402 3405 3406 3428 3443 3461 3491 3494 3495 3517 3557 
	}
	weather={
	}
}
