
strategic_region={
	id=58
	name="STRATEGICREGION_58"
	provinces={
		3775 3917 3923 4032 4050 4146 4402 4436 4607 4618 4753 4806 4819 4923 4983 5158 5166 5229 5275 5295 5364 5383 5582 5610 5659 5685 5700 5725 5801 5831 5892 5933 6119 6149 6153 6156 6228 6372 6442 6466 6500 6600 6607 6679 6758 6802 6856 6870 6880 6960 7051 7105 7321 7366 7380 7616 7710 7915 7921 7981 7993 7994 8025 8125 8202 8237 8241 8271 8488 8567 8663 8862 8986 8995 9070 9348 9352 9400 9416 9424 9454 9473 9481 9488 9491 9495 9500 9506 9511 9547 9557 
	}
	weather={
	}
}
