
strategic_region={
	id=59
	name="STRATEGICREGION_59"
	provinces={
		3767 3832 3862 3868 3880 3887 3922 4042 4058 4113 4206 4270 4343 4405 4470 4529 4598 4619 4626 4642 4696 4710 4794 4811 4930 4995 5119 5152 5186 5264 5484 5618 5782 5821 5982 6019 6075 6177 6215 6332 6411 6504 6519 6522 6539 6593 6609 6659 6684 6691 6756 6828 6883 6921 7005 7035 7037 7043 7060 7080 7174 7189 7194 7260 7433 7443 7470 7473 7535 7642 7779 7814 7840 7919 7922 8024 8080 8094 8144 8145 8183 8184 8339 8416 8446 8469 8473 8516 8718 8719 8721 8743 8758 8786 8794 8813 9003 9038 9112 9345 9349 9366 9370 9375 9404 9474 9523 9534 9551 9559 9566 9588 9603 9626 
	}
	weather={
	}
}
