
strategic_region={
	id=60
	name="STRATEGICREGION_60"
	provinces={
		3812 3873 3893 3919 4075 4135 4190 4196 4277 4374 4435 4447 4448 4532 4647 4686 4726 4803 4915 5032 5047 5174 5251 5265 5279 5514 5561 5587 5628 5645 5696 5826 5842 5862 6081 6174 6189 6239 6291 6358 6405 6428 6494 6567 6588 6625 6648 6649 6693 6712 6729 6739 6772 6782 6882 6967 6980 6995 7059 7097 7130 7255 7269 7345 7359 7362 7367 7381 7413 7449 7461 7466 7530 7561 7686 7735 7740 7941 8000 8038 8047 8211 8374 8530 8700 8707 8735 8956 8957 9012 9093 9232 9238 9256 9259 9276 9282 9287 9315 9327 9337 9350 9372 9391 9398 9435 9475 9484 9490 
	}
	weather={
	}
}
