
strategic_region={
	id=65
	name="STRATEGICREGION_65"
	provinces={
		3805 3836 3940 3996 4010 4016 4038 4048 4107 4109 4133 4154 4224 4226 4232 4251 4288 4304 4307 4338 4345 4349 4363 4366 4430 4482 4493 4507 4557 4589 4609 4654 4657 4665 4678 4698 4731 4783 4846 4850 4866 4910 5010 5030 5031 5043 5064 5077 5090 5111 5147 5286 5356 5376 5415 5431 5471 5479 5485 5498 5502 5516 5584 5597 5661 5719 5729 5735 5780 5797 5822 5844 5941 5945 5998 6022 6080 6083 6138 6175 6180 6220 6266 6285 6393 6418 6509 6550 6577 6582 6589 6594 6618 6622 6646 6667 6671 6672 6686 6698 6704 6722 6871 6873 6914 6944 6980 7064 7166 7176 7252 7272 7291 7311 7462 7547 7568 7571 7660 7688 7709 7720 7728 7734 7748 7781 7793 7911 7912 7927 7936 7941 8128 8150 8210 8255 8322 8365 8428 8447 8470 8509 8640 8702 8760 8778 8796 8815 8888 8903 8912 8989 9007 9092 9122 9130 9132 9136 9143 9145 9147 9148 9164 9166 9167 9180 9183 9186 9194 9195 9204 9244 9265 9269 9272 
	}
	naval_terrain=water_deep_ocean
	weather={
	}
}
