
strategic_region={
	id=66
	name="STRATEGICREGION_66"
	provinces={
		3768 3833 3848 3851 3961 4125 4151 4272 4413 4444 4513 4514 4543 4595 4729 4916 4931 4979 5063 5096 5120 5234 5243 5262 5385 5567 5580 5694 5849 5873 5926 5935 6020 6122 6140 6298 6320 6398 6440 6510 6527 6533 6575 6581 6688 6764 6938 7022 7061 7063 7094 7114 7124 7138 7147 7288 7307 7475 7502 7524 7529 7648 7682 7750 7797 7866 7961 7982 8029 8153 8228 8235 8366 8376 8411 8512 8529 8639 8673 8727 8741 8749 8867 9043 9102 9382 9426 9428 9440 9458 9464 9466 9494 9496 9520 9521 9525 9529 9533 9550 9554 9558 9572 9583 9601 
	}
	weather={
	}
}
