
strategic_region={	# Inclusdes Amami
	id=67
	name="STRATEGICREGION_67"
	provinces={
		3781 3846 4208 4263 4282 4367 4422 4548 4627 4634 4703 4706 4721 4749 4895 4920 4978 5008 5051 5159 5345 5421 5538 5544 5624 5741 5832 5932 5980 6010 6038 6142 6184 6316 6356 6478 6573 6621 6804 6806 6833 6935 6971 7065 7090 7276 7332 7420 7495 7565 7592 7606 7704 7731 7763 7823 7871 7929 7939 7962 8016 8109 8119 8155 8232 8301 8316 8359 8369 8465 8540 8542 8596 8644 8790 8799 8803 9893 9927 9938 9955 9965 9968 9969 9986 9988 9998 10012 10015 
		4481 8665 10135 10136 10137 10138 10139 10140 10141 10142
	}
	weather={
	}
}
