
strategic_region={
	id=69
	name="STRATEGICREGION_69"
	provinces={
		3803 3810 3890 3962 4013 4080 4143 4169 4211 4257 4465 4478 4873 4882 4971 4984 4989 5044 5099 5195 5211 5289 5697 5749 5788 5876 5996 6148 6192 6197 6218 6223 6227 6233 6240 6336 6561 6583 6657 6733 6780 6813 6895 6908 6918 6969 6975 6992 7193 7211 7258 7354 7468 7469 7572 7607 7862 7972 8022 8105 8129 8137 8205 8277 8304 8435 8733 8750 8882 8896 8987 9008 9077 9822 9829 9840 9859 9881 9916 9926 9942 9951 9959 9961 9964 9967 9975 9995 9996 10001 10005 10008 
	}
	weather={
	}
}
