
strategic_region={
	id=73
	name="STRATEGICREGION_73"
	provinces={
		3772 3800 3834 3841 3864 3966 4031 4065 4072 4120 4165 4255 4318 4336 4365 4452 4466 4472 4583 4610 4700 4708 4835 4919 4944 4996 5074 5080 5107 5117 5171 5179 5180 5208 5228 5249 5270 5291 5343 5367 5413 5433 5447 5476 5481 5490 5501 5547 5549 5557 5603 5622 5640 5660 5664 5848 5878 5898 5928 6068 6072 6191 6268 6295 6318 6346 6376 6459 6491 6568 6697 6713 6817 6859 6961 6964 7010 7088 7205 7230 7235 7270 7378 7400 7527 7582 7719 7830 7847 7848 7887 8079 8112 8308 8312 8346 8418 8434 8498 8502 8539 8562 8678 8738 8824 8850 8872 8879 8928 8933 10026 10028 10041 10042 10072 10075 10081 10083 10089 10095 10105 10111 
	}
	naval_terrain=water_deep_ocean
	weather={
	}
}
