
strategic_region={
	id=75
	name="STRATEGICREGION_75"
	provinces={
		3791 3835 3847 3869 3871 3906 3916 3943 3947 3998 4041 4049 4057 4066 4147 4155 4214 4238 4312 4330 4355 4375 4439 4442 4443 4453 4457 4460 4474 4481 4518 4553 4560 4582 4633 4646 4658 4674 4684 4699 4705 4779 4791 4837 4839 4849 4867 4876 4884 4888 4957 5005 5024 5029 5039 5094 5101 5150 5187 5214 5294 5329 5342 5366 5403 5423 5425 5453 5469 5482 5509 5594 5637 5652 5885 5917 5971 6005 6152 6204 6219 6301 6386 6443 6456 6485 6555 6590 6656 6771 6781 6812 6837 6874 6959 7186 7188 7203 7231 7244 7298 7417 7453 7523 7584 7596 7609 7715 7758 7800 7851 7908 7917 8048 8071 8284 8310 8361 8363 8420 8456 8526 8605 8657 8732 8845 8908 8958 8973 9045 9106 9987 10010 10022 10023 10029 10031 10040 10043 10059 10061 10068 10077 10087 10092 10100 10104 10107 
	}
	naval_terrain=water_deep_ocean
	weather={
	}
}
