
strategic_region={
	id=76
	name="STRATEGICREGION_76"
	provinces={
		3783 3814 3894 3915 3942 3978 3986 3991 3995 4006 4020 4060 4152 4236 4286 4294 4305 4321 4394 4438 4500 4551 4602 4664 4666 4687 4697 4762 4943 4986 5006 5013 5115 5151 5168 5177 5197 5204 5216 5281 5300 5379 5424 5452 5460 5468 5520 5525 5540 5559 5575 5588 5599 5643 5644 5695 5716 5752 5877 5900 5946 5947 5968 6036 6049 6059 6076 6093 6105 6209 6306 6325 6395 6508 6521 6545 6557 6611 6641 6666 6677 6737 6794 6797 6978 6989 7083 7085 7225 7314 7320 7431 7694 7770 7790 7914 7933 8095 8102 8207 8244 8265 8290 8305 8328 8441 8475 8599 8616 8753 8858 8902 8993 9074 9656 9707 9757 9777 9814 9837 9897 9900 9921 9939 9971 
	}
	naval_terrain=water_deep_ocean
	weather={
	}
}
