
strategic_region={
	id=77
	name="STRATEGICREGION_77"
	provinces={
		3792 3830 3861 3904 3911 3912 3974 3992 4024 4081 4123 4186 4187 4188 4199 4219 4259 4271 4371 4392 4445 4449 4459 4461 4511 4520 4522 4528 4537 4565 4571 4594 4636 4641 4648 4663 4677 4756 4766 4861 4899 4913 4950 4959 4968 4977 4988 5021 5023 5034 5041 5087 5121 5133 5225 5322 5370 5394 5442 5445 5450 5461 5477 5496 5503 5528 5705 5722 5757 5775 5807 5809 5874 5903 5920 5938 5962 5970 5975 6128 6132 6162 6178 6182 6199 6202 6211 6275 6317 6319 6353 6357 6375 6399 6420 6423 6462 6571 6591 6596 6610 6728 6749 6774 6814 6852 6872 6909 6911 6972 7016 7049 7072 7165 7246 7249 7262 7299 7315 7338 7353 7403 7478 7506 7533 7549 7576 7577 7586 7593 7610 7667 7738 7742 7751 7777 7855 7859 7868 7918 7934 8063 8065 8217 8222 8223 8295 8306 8387 8389 8422 8450 8458 8476 8537 8555 8561 8607 8610 8690 8774 8836 9017 9059 10017 10020 10027 10030 10036 10038 10046 10047 10050 10052 10056 10062 10067 10071 10076 10080 10082 10085 10086 10091 10094 10097 10109 
	}
	naval_terrain=water_deep_ocean
	weather={
	}
}
