
strategic_region={
	id=78
	name="STRATEGICREGION_78"
	provinces={
		3907 3926 4064 4083 4092 4101 4198 4218 4234 4278 4480 4485 4570 4599 4877 5035 5053 5070 5183 5199 5220 5288 5316 5382 5389 5393 5405 5506 5532 5574 5604 5667 5702 5793 5830 6091 6101 6147 6237 6265 6303 6366 6388 6424 6530 6617 6685 6719 6761 6827 6885 6906 6924 6958 7044 7102 7198 7243 7294 7323 7357 7397 7411 7508 7519 7563 7573 7601 7754 7760 7764 7788 7805 7842 7853 7869 7923 7991 8003 8035 8062 8163 8167 8200 8203 8216 8254 8259 8314 8341 8350 8358 8370 8412 8419 8442 8745 8871 8915 8920 8960 8964 8966 9029 9478 9482 9498 9503 9515 9526 9545 9562 9564 9567 9568 9575 9579 9584 9590 9595 9607 9646 9661 9689 
	}
	weather={
	}
}
