
strategic_region={
	id=83
	name="STRATEGICREGION_83"
	provinces={
		3773 3777 3784 3797 3808 3825 3877 3879 3954 3957 3960 3988 4004 4005 4034 4097 4104 4200 4207 4299 4300 4322 4325 4331 4362 4389 4469 4510 4536 4574 4581 4593 4606 4623 4628 4704 4746 4758 4759 4767 4798 4810 4829 4875 4887 4893 4894 4896 4908 4921 4998 5012 5036 5071 5141 5146 5227 5233 5250 5261 5268 5332 5386 5390 5458 5466 5480 5546 5632 5671 5825 5914 5964 6023 6029 6055 6067 6088 6094 6116 6125 6143 6244 6256 6354 6385 6417 6455 6458 6470 6503 6514 6525 6551 6634 6638 6639 6640 6663 6734 6735 6784 6865 6901 6905 6976 7007 7014 7015 7039 7098 7113 7164 7185 7206 7217 7268 7317 7382 7448 7457 7459 7578 7672 7696 7774 7817 7874 7893 7916 7946 7965 8026 8090 8097 8135 8147 8164 8199 8208 8247 8256 8309 8326 8375 8448 8500 8510 8523 8554 8558 8575 8632 8645 8651 8665 8739 8819 8909 8969 9048 9063 9600 9604 9624 9636 9651 9668 9693 9706 9756 9780 9820 9821 9843 9867 9933 9948 9963 9978 
	}
	naval_terrain=water_deep_ocean
	weather={
	}
}
