
strategic_region={
	id=84
	name="STRATEGICREGION_84"
	provinces={
		3787 3793 3802 3824 3831 3845 3891 3941 3959 3982 3985 3997 4145 4167 4170 4179 4225 4240 4290 4310 4314 4316 4324 4364 4397 4403 4409 4414 4637 4639 4650 4715 4807 4858 4936 4964 5007 5065 5081 5092 5123 5137 5155 5163 5182 5188 5193 5202 5210 5240 5253 5266 5271 5285 5365 5378 5406 5414 5449 5499 5531 5535 5545 5593 5626 5688 5742 5765 5779 5803 5817 5834 5845 5887 5927 5930 5948 5981 6027 6046 6063 6070 6087 6100 6193 6195 6196 6203 6226 6229 6253 6269 6345 6432 6448 6463 6548 6552 6627 6660 6682 6724 6752 6807 6826 6888 6920 6927 6953 7034 7046 7127 7146 7330 7371 7393 7406 7415 7428 7463 7492 7613 7627 7650 7723 7824 7836 7850 7884 7907 7928 7976 8059 8106 8161 8162 8171 8245 8289 8294 8407 8493 8496 8541 8571 8695 8729 8742 8751 8756 8792 8797 8801 9020 9060 9073 9115 9240 9260 9280 9285 9346 9356 9364 9376 9383 9390 9396 9397 9412 9439 9463 9471 9480 9493 9522 9553 9582 9610 9633 9638 9664 
	}
	naval_terrain=water_deep_ocean
	weather={
	}
}
