
strategic_region={
	id=85
	name="STRATEGICREGION_85"
	provinces={
		3801 3827 3865 3878 3886 3918 3979 4030 4047 4079 4139 4168 4171 4201 4203 4229 4249 4276 4332 4335 4341 4344 4358 4360 4377 4379 4398 4423 4433 4463 4489 4587 4649 4652 4683 4694 4707 4719 4761 4777 4812 4815 4822 4825 4841 4870 4889 4904 4909 4911 4914 4934 4947 4949 4970 5022 5027 5084 5098 5128 5129 5136 5140 5153 5161 5175 5178 5181 5194 5276 5293 5312 5324 5362 5437 5451 5488 5494 5511 5526 5565 5586 5635 5657 5718 5820 5823 5846 5893 5905 5929 5954 5966 5994 5995 6002 6007 6034 6062 6134 6206 6270 6277 6280 6310 6326 6387 6391 6416 6488 6556 6612 6626 6628 6755 6783 6791 6822 6823 6854 6867 6878 6915 6936 6952 6963 7013 7045 7048 7110 7215 7377 7391 7407 7423 7427 7437 7450 7467 7516 7666 7670 7674 7676 7708 7726 7782 7802 7845 7863 7885 7902 7906 7920 7943 7996 7997 8015 8031 8069 8076 8139 8157 8180 8196 8209 8279 8298 8307 8342 8347 8460 8506 8538 8544 8591 8656 8764 8767 8782 8804 8857 8876 8901 8905 8913 8977 8994 9025 9052 9087 9117 9120 9121 9134 9138 9141 9144 9149 9150 9155 9165 9171 9181 9187 9189 9193 9198 9199 9205 9206 9214 9224 9230 9270 9277 9281 9293 9306 9307 9311 9323 9333 9351 
	}
	naval_terrain=water_deep_ocean
	weather={
	}
}
