
strategic_region={
	id=9
	name="STRATEGICREGION_9"
	provinces={
		15 132 140 211 243 315 346 364 401 435 466 516 550 559 594 604 617 694 757 786 810 828 869 881 1107 1193 1201 1264 1288 1379 1385 1544 1545 1578 1594 1596 1602 1647 1703 1729 1771 1789 1810 1812 1833 2917 2940 2943 2982 3013 3019 3043 3054 3062 3071 3072 3081 3087 3099 3107 3117 3127 3144 3153 3157 3158 3174 3184 3194 3207 3211 3212 3213 3214 3246 3247 3256 3257 3258 3275 3289 3299 3300 3318 3328 3337 3343 3346 3376 3379 3390 3392 3413 3432 3442 3448 3471 3477 3534 3760 3761 
	}
	weather={
	}
}
