5 5 10976 6887 10959 6227 4871 
5 5 10976 6887 10959 6227 4871 
3 13 9471 9458 9442 3424 9417 563 9404 5430 5845 9369 2640 251 1447 
3 15 1447 9300 1737 9299 7130 4613 2168 9343 4807 1675 5094 9308 9292 1818 2124 
3 19 2124 9258 2691 106 6663 5355 9162 2204 9142 5003 6225 6367 9118 5133 3189 9234 9262 9269 1447 
3 11 2124 5838 2387 6921 9209 5179 1257 9103 3272 4699 5877 
2 5 5179 6350 6027 9219 106 
3 7 5877 677 8955 286 4779 1224 8945 
3 4 5877 8982 8991 9016 
3 3 9016 3384 5921 
3 20 5921 6766 1153 176 8833 4433 8787 8764 6433 4610 8680 8618 2000 8581 8558 6078 247 6485 8466 4693 
3 11 5921 8998 3828 5455 8989 5477 2035 6325 4123 4061 8884 
3 25 9082 9093 1462 4838 9098 949 9163 2734 2884 9158 6535 3479 1438 9237 580 5113 9251 3320 9217 9213 9227 9201 254 9167 350 
3 4 3272 9085 9087 350 
2 4 9016 1885 9076 350 
3 3 3424 9400 9417 
1 5 9458 2607 9454 1545 9452 
1 6 9452 4980 2169 1555 526 9531 
1 5 9452 9441 6493 9425 4363 
1 4 251 9327 2093 9303 
1 5 9299 2910 4844 6627 3189 
1 3 9118 3426 213 
1 2 9234 9192 
1 11 5838 2213 9314 9332 1848 4442 9355 6760 6122 4899 9374 
1 10 5355 9152 9139 9106 9095 9061 9043 2643 2411 677 
1 8 8982 8959 5236 1845 2610 6301 8805 4433 
1 8 4433 4647 697 8806 6527 1831 6468 473 
1 4 473 5770 8725 2711 
1 13 473 8812 373 8823 3550 5958 137 6668 3326 8881 8885 8838 180 
1 3 8884 6424 8823 
1 4 8812 2285 4113 8880 
1 11 8466 6658 8480 3832 4795 8552 1577 1705 8613 8623 8618 
1 4 8613 5181 5538 8658 
1 14 1224 4197 5983 1483 6815 8767 8740 1031 6119 875 5653 191 8580 8558 
1 6 3320 2847 6310 6596 9340 1579 
1 5 3320 1980 9170 3637 9100 
1 9 580 5765 171 9161 9133 3698 9051 9027 5725 
1 6 5725 3253 8942 8923 4857 8884 
1 3 5725 5712 8999 
1 5 8999 8974 8946 4565 8881 
1 3 8999 923 4731 
1 8 8885 5103 8947 3111 5692 1602 3050 949 
1 3 5692 9059 1462 
3 10 11552 3865 11548 11542 11534 11526 11524 11518 230 5938 
3 5 11552 6009 11570 11576 11589 
3 8 11589 3757 5974 11553 511 11538 11529 11524 
3 14 230 11528 11535 5093 1097 11560 11571 1759 4008 11573 5111 11600 11608 617 
3 9 11589 11588 11594 3425 512 1735 3067 11602 5285 
3 10 512 4873 11614 11621 11634 11644 11645 11650 1437 11662 
3 2 11589 1059 
3 10 1059 3169 1226 4581 3092 6712 4946 11616 11612 617 
3 6 1059 11610 6216 5061 2059 11651 
3 11 11651 11654 6034 133 11647 11642 11631 11624 5589 3172 617 
3 20 617 1401 11618 2591 11637 11638 5947 4415 11668 11672 5873 2672 5345 6729 3249 1159 11701 1934 11710 2879 
3 25 11651 11659 6008 11673 3843 11683 4715 6872 3314 11697 11699 11703 11706 5121 2969 11726 5186 11721 6811 11717 6261 11714 11715 3031 2879 
1 7 11552 6115 6676 11579 4049 11581 3067 
1 3 11579 6674 512 
1 5 11602 6779 4658 5775 11634 
1 6 11594 3135 1039 11619 11615 6216 
3 2 2997 5427 
1 8 1226 1984 11564 11557 5773 11539 11528 5938 
1 2 6712 11617 
1 3 11610 5700 11611 
1 5 5873 11674 765 11671 5148 
1 7 2879 11719 2764 6864 7040 11724 6261 
1 5 7040 11731 328 3917 7096 
1 4 11717 5533 6684 5986 
1 6 5186 11727 6904 11732 11734 4088 
1 3 11734 4329 2147 
1 5 6872 6823 248 11709 6811 
1 5 11706 5548 5668 6874 248 
1 10 11709 11705 6649 11700 11694 5054 11690 11686 2962 11683 
1 4 11700 11702 11707 11714 
1 4 11694 2012 11696 5771 
1 3 11710 2867 6785 
1 3 6034 11663 4350 
1 5 11645 11648 21 5739 11665 