1 2 
1 4 
1 45 
1 58 
1 68 
1 72 
1 145 
1 157 
1 230 
1 243 
1 250 
1 270 
1 275 
1 291 
1 353 
1 400 
1 403 
1 418 
1 438 
1 444 
1 460 
1 474 
1 511 
1 530 
1 537 
1 581 
1 617 
1 623 
1 630 
1 658 
1 675 
1 689 
1 693 
1 698 
1 707 
1 765 
1 770 
1 782 
1 840 
1 887 
1 927 
1 933 
1 987 
1 1040 
1 1072 
1 1080 
1 1114 
1 1153 
1 1159 
1 1204 
1 1213 
1 1216 
1 1290 
1 1342 
1 1365 
1 1377 
1 1380 
1 1401 
1 1424 
1 1444 
1 1487 
1 1499 
1 1513 
1 1543 
1 1569 
1 1579 
1 1583 
1 1599 
1 1604 
1 1619 
1 1647 
1 1671 
1 1694 
1 1720 
1 1819 
1 1858 
1 1883 
1 1927 
1 1944 
1 2035 
1 2069 
1 2083 
1 2086 
1 2091 
1 2099 
1 2107 
1 2130 
1 2147 
1 2153 
1 2167 
1 2170 
1 2204 
1 2222 
1 2264 
1 2298 
1 2347 
1 2484 
1 2517 
1 2536 
1 2537 
1 2543 
1 2580 
1 2611 
1 2613 
1 2648 
1 2660 
1 2694 
1 2698 
1 2719 
1 2734 
1 2762 
1 2798 
1 2830 
1 2927 
1 2971 
1 3045 
1 3069 
1 3076 
1 3098 
1 3134 
1 3140 
1 3225 
1 3226 
1 3229 
1 3233 
1 3252 
1 3278 
1 3281 
1 3288 
1 3292 
1 3299 
1 3315 
1 3327 
1 3374 
1 3388 
1 3399 
1 3415 
1 3429 
1 3462 
1 3469 
1 3480 
1 3513 
1 3516 
1 3517 
1 3520 
1 3579 
1 3602 
1 3635 
1 3644 
1 3666 
1 3698 
1 3708 
1 3733 
1 3849 
1 4006 
1 4010 
1 4049 
1 4075 
1 4088 
1 4176 
1 4267 
1 4282 
1 4308 
1 4373 
1 4392 
1 4416 
1 4494 
1 4536 
1 4674 
1 4693 
1 4810 
1 4871 
1 4979 
1 5128 
1 5186 
1 5242 
1 5271 
1 5300 
1 5370 
1 5427 
1 5435 
1 5459 
1 5535 
1 5539 
1 5550 
1 5739 
1 5775 
1 5791 
1 5804 
1 5947 
1 5953 
1 5961 
1 5966 
1 5986 
1 6198 
1 6243 
1 6346 
1 6351 
1 6366 
1 6542 
1 6715 
1 6722 
1 6769 
1 6823 
1 6861 
1 6872 
1 6889 
1 7040 
1 7062 
1 7096 
1 7118 
1 7210 
1 7287 
1 7417 
1 7508 
1 7610 
1 8096 
1 9064 
1 9112 
1 9446 
1 9470 
1 9476 
1 9944 
1 10057 
1 10250 
1 10664 
1 10697 
1 10699 
1 10760 
1 10834 
1 10838 
1 10845 
1 10927 
1 10931 
1 10941 
1 10976 
1 10978 
1 10979 
1 10986 
1 10987 
1 11024 
1 11072 
1 11085 
1 11092 
1 11141 
1 11191 
1 11230 
1 11239 
1 11256 
1 11316 
1 11323 
1 11326 
1 11351 
1 11355 
1 11364 
1 11374 
1 11394 
1 11407 
1 11434 
1 11437 
1 11461 
1 11476 
1 11494 
1 11495 
1 11523 
1 11524 
1 11534 
1 11546 
1 11552 
1 11565 
1 11570 
1 11571 
1 11585 
1 11602 
1 11607 
1 11631 
1 11639 
1 11645 
1 11646 
1 11648 
1 11662 
1 11699 
1 11706 
1 11717 
1 11731 
1 11759 
1 11767 
1 11785 
1 11786 
1 11788 
