state={
	id=1
	name="STATE_1"
	provinces={
		44 75 135 136 208 305 321 376 394 447 493 541 558 619 629 680 725 726 732 837 954 1057 1113 1148 1154 1182 1187 1294 1330 1340 1395 1444 1450 1451 1470 1508 1537 1580 1648 1650 1758 1764 1806 1814 1899 1971 1999 2019 2042 2120 2184 2247 2274 2278 2279 2303 2312 2364 2390 2391 2463 2485 2555 2677 2727 2775 2806 2848 2850 2960 3105 3107 3133 3161 3175 3303 3335 3418 3608 3634 3713 3721 3746 3759 3847 3931 3952 4018 4043 4104 4129 4173 4185 4250 4251 4292 4396 4510 4555 4572 4582 4618 4637 4642 4697 4753 4769 4780 4826 5021 5026 5046 5254 5366 5418 5446 5454 5479 5541 5663 5667 5710 5751 5818 5837 5859 5906 5920 6043 6086 6114 6123 6138 6148 6234 6253 6332 6338 6343 6395 6419 6449 6552 6574 6580 6582 6590 6650 6689 6726 6750 6871 6876 7055 7088 7173 7174 7175 7176 7177 7212 7216 7222 7238 7246 7266 7278 7288 7295 7306 7313 7314 7324 7333 7338 7343 7359 7363 7373 7382 7395 7396 7400 7410 7415 7422 7424 7441 7443 7448 7460 7476 7484 7489 7515 7530 7537 7549 7566 7573 7580 7584 7607 7608 7610 7612 7618 7624 7633 7634 7655 7658 7659 7684 7706 7707 7709 7732 7740 
	}
	
	history={
		owner = ROC
		add_core_of = ROC
	}
	
	manpower=1
	state_category=town
	buildings_max_level_factor=1.000
}
