
state={
	id=10
	name="STATE_10"
	provinces={
		10 11 25 27 31 40 49 55 59 76 83 87 92 95 98 105 132 175 178 192 195 199 217 235 242 257 307 308 309 326 351 366 372 390 392 427 437 449 457 475 482 484 492 499 528 534 553 571 578 584 599 602 608 610 615 626 646 657 659 661 665 669 675 681 705 720 727 744 779 785 796 803 827 831 834 854 856 877 884 887 899 909 931 950 953 960 963 974 980 998 1003 1030 1035 1036 1038 1048 1052 1063 1066 1087 1090 1095 1101 1114 1115 1126 1132 1143 1146 1152 1156 1164 1166 1177 1214 1230 1241 1262 1267 1338 1344 1348 1357 1369 1371 1374 1390 1394 1411 1418 1422 1428 1435 1441 1461 1471 1479 1538 1562 1566 1612 1613 1618 1621 1631 1663 1666 1677 1680 1681 1704 1708 1716 1718 1726 1729 1733 1739 1751 1753 1756 1769 1773 1781 1782 1797 1830 1833 1846 1854 1867 1870 1898 1944 1987 1994 2005 2021 2028 2034 2041 2064 2077 2079 2088 2104 2106 2113 2119 2127 2135 2155 2167 2172 2176 2185 2203 2211 2217 2231 2239 2251 2262 2264 2265 2268 2277 2295 2326 2329 2332 2334 2340 2346 2362 2373 2379 2394 2396 2402 2408 2432 2433 2437 2453 2465 2489 2497 2501 2510 2511 2543 2566 2568 2574 2578 2580 2581 2595 2604 2618 2630 2634 2635 2644 2654 2655 2660 2668 2670 2717 2720 2744 2748 2752 2759 2767 2782 2786 2788 2802 2803 2807 2824 2828 2837 2844 2849 2853 2855 2857 2859 2875 2905 2914 2921 2925 2963 2970 2974 2975 2976 2978 2981 3003 3014 3015 3025 3056 3062 3075 3078 3082 3087 3090 3095 3103 3112 3115 3136 3140 3141 3148 3167 3186 3216 3229 3244 3255 3275 3280 3282 3290 3306 3311 3342 3353 3359 3380 3387 3393 3396 3397 3421 3451 3461 3468 3469 3474 3480 3486 3488 3505 3512 3522 3524 3526 3542 3557 3572 3582 3583 3602 3606 3611 3621 3622 3633 3635 3651 3652 3653 3657 3664 3667 3672 3680 3683 3685 3729 3740 3748 3750 3776 3786 3791 3796 3799 3810 3815 3823 3827 3834 3836 3848 3857 3863 3864 3880 3882 3891 3899 3926 3928 3956 3959 3966 4017 4032 4034 4041 4045 4046 4070 4074 4089 4098 4105 4108 4114 4115 4130 4135 4137 4141 4147 4149 4160 4162 4188 4189 4203 4218 4221 4232 4265 4278 4287 4299 4301 4302 4305 4312 4314 4315 4319 4325 4327 4330 4338 4339 4348 4355 4359 4367 4370 4371 4393 4398 4400 4410 4418 4444 4467 4471 4477 4491 4514 4517 4523 4542 4557 4562 4567 4585 4592 4597 4607 4621 4635 4636 4639 4644 4649 4654 4663 4675 4695 4712 4716 4722 4738 4741 4743 4755 4777 4783 4792 4803 4808 4811 4840 4852 4858 4869 4881 4884 4897 4900 4902 4907 4915 4922 4935 4937 4955 4959 4973 4974 4981 4982 4999 5013 5020 5029 5030 5063 5078 5087 5088 5110 5114 5116 5124 5134 5142 5158 5185 5187 5191 5204 5217 5220 5249 5263 5266 5283 5297 5299 5300 5304 5307 5322 5325 5326 5340 5343 5354 5356 5362 5384 5396 5402 5405 5420 5435 5453 5473 5487 5497 5506 5517 5519 5542 5565 5572 5578 5587 5590 5595 5596 5601 5602 5603 5624 5625 5632 5643 5647 5659 5669 5676 5681 5684 5694 5697 5709 5728 5753 5759 5767 5782 5791 5800 5802 5821 5823 5832 5836 5850 5862 5863 5869 5875 5891 5907 5924 5939 5950 5987 5993 6005 6006 6007 6011 6030 6054 6079 6081 6112 6126 6158 6178 6185 6187 6202 6210 6213 6223 6224 6226 6231 6239 6240 6270 6279 6313 6319 6335 6344 6362 6376 6379 6390 6391 6403 6406 6408 6422 6426 6429 6434 6438 6456 6458 6464 6473 6483 6489 6499 6529 6539 6556 6563 6569 6585 6593 6611 6625 6628 6629 6635 6644 6648 6665 6670 6671 6673 6695 6696 6723 6745 6764 6783 6792 6793 6801 6803 6812 6814 6834 6840 6862 6863 6910 6920 6937 6938 6940 6943 6948 6950 6975 6976 7006 7009 7017 7026 7053 7068 7098 7101 7115 7132 7145 7166 7169 8266 8294 8296 8316 8322 8357 8368 8376 8383 8403 8425 8428 8429 8436 8444 8454 8456 8467 8469 8470 8472 8487 8488 8489 8490 8491 8492 8498 8501 8503 8510 8512 8513 8514 8517 8520 8524 8530 8534 8535 8538 8541 8546 8547 8553 8556 8557 8560 8563 8564 8571 8575 8585 8588 8590 8591 8592 8595 8600 8601 8604 8611 8616 8620 8628 8634 8636 8637 8639 8640 8641 8647 8653 8654 8660 8664 8667 8668 8672 8673 8676 8681 8684 8685 8688 8691 8695 8696 8699 8700 8702 8707 8714 8715 8716 8718 8719 8721 8722 8723 8729 8734 8737 8739 8742 8746 8749 8753 8754 8756 8760 8762 8770 8773 8774 8776 8777 8778 8781 8785 8788 8790 8793 8794 8796 8800 8803 8808 8809 8820 8824 8828 8829 8835 8836 8840 8843 8846 8849 8850 8852 8853 8854 8855 8856 8857 8861 8864 8867 8868 8875 8876 8878 8879 8882 8886 8895 8900 8901 8903 8906 8908 8909 8912 8913 8914 8919 8920 8922 8924 8925 8927 8932 8933 8938 8939 8944 8950 8952 8953 8956 8957 8961 8962 8963 8965 8968 8969 8970 8971 8977 8978 8979 8980 8984 8985 8986 8987 8990 8992 8994 8995 9000 9001 9002 9004 9008 9009 9011 9012 9013 9014 9017 9019 9020 9021 9028 9029 9031 9038 9039 9042 9045 9048 9049 9052 9053 9054 9055 9056 9057 9060 9062 9064 9066 9067 9068 9073 9079 9088 9089 9090 9094 9099 9101 9108 9115 9116 9117 9121 9122 9126 9129 9134 9135 9140 9143 9144 9147 9148 9150 9151 9153 9154 9159 9169 9172 9180 9183 9184 9186 9187 9190 9191 9194 9197 9204 9205 9210 9218 9220 9223 9224 9225 9229 9230 9232 9233 9236 9241 9242 9247 9248 9249 9250 9254 9257 9261 9266 9272 9273 9276 9279 9286 9290 9291 9295 9302 9304 9311 9312 9313 9315 9316 9317 9322 9331 9335 9336 9337 9338 9345 9346 9348 9349 9351 9356 9365 9373 9375 9377 9378 9385 9390 9393 9394 9395 9401 9402 9403 9407 9411 9412 9414 9415 9421 9423 9426 9432 9433 9437 9446 9448 9449 9455 9461 9463 9469 9478 9487 9499 9501 9504 9507 9509 9514 9518 9522 9526 9528 9547 9569 17168 17211 17269 17270 17272 17273 17276 17278 17279 17280 17281 17282 17284 17285 
	}
	
	history={
		owner = ROC
		add_core_of = ROC
	}
	
	manpower=1
	state_category=town
	buildings_max_level_factor=1.000
}
