
state={
	id=104
	name="STATE_104"

	state_category = rural

	history={
		owner = TOH
		buildings = {
			infrastructure = 3
			arms_factory = 1
			industrial_complex = 1
		}
		add_core_of = TOH
	}

	provinces={
		5 42 49 84 172 208 227 291 366 424 482 522 523 548 570 596 673 689 741 753 879 951 1008 1026 1066 1077 1116 1206 1235 1321 1473 1479 1493 1526 1601 1677 1721 1730 1766 1847 2305 2306 2309 2329 2335 2339 2343 2352 2354 2355 2356 2364 2366 2374 2378 2386 2390 2400 2401 2412 2420 2421 2437 2438 2442 2450 2455 2482 2486 2487 2496 2497 2503 2511 2521 2535 2560 2578 2580 2588 2598 2636 2646 2658 2686
	}
	manpower=100000
	buildings_max_level_factor=1.000
	state_category=rural
}
