
state={
	id=11
	name="STATE_11"
	provinces={
		97 106 123 176 213 251 286 340 350 373 422 473 479 491 519 526 563 570 634 662 677 688 697 857 964 978 1008 1016 1031 1135 1153 1224 1257 1345 1445 1447 1483 1534 1545 1555 1627 1649 1675 1737 1818 1831 1845 1885 2074 2093 2124 2148 2168 2169 2204 2285 2341 2349 2365 2411 2454 2524 2610 2640 2643 2691 2693 2835 2910 2912 2942 2957 3051 3084 3189 3240 3272 3289 3384 3424 3426 3485 3589 3692 3742 3758 3804 3828 3850 3876 3879 3954 4029 4080 4113 4138 4178 4197 4198 4237 4284 4323 4346 4363 4381 4433 4610 4613 4647 4660 4682 4699 4702 4721 4779 4793 4807 4815 4844 4962 4977 4980 5003 5012 5016 5069 5094 5133 5179 5208 5236 5355 5371 5430 5450 5455 5631 5654 5689 5724 5770 5838 5839 5845 5877 5921 5930 5978 5983 6003 6027 6119 6131 6225 6249 6260 6280 6301 6329 6350 6367 6430 6433 6451 6468 6493 6527 6536 6627 6634 6663 6727 6730 6752 6766 6771 6773 6815 6869 6921 6993 7130 8710 8728 8730 8740 8741 8745 8748 8755 8761 8764 8766 8767 8771 8772 8779 8784 8787 8797 8805 8806 8807 8812 8819 8827 8830 8833 8834 8845 8847 8851 8859 8860 8870 8871 8872 8880 8883 8899 8904 8916 8917 8930 8935 8936 8941 8945 8955 8959 8960 8966 8973 8976 8982 8991 8996 8998 9007 9016 9025 9030 9037 9041 9043 9046 9058 9061 9076 9078 9081 9084 9085 9087 9095 9097 9103 9106 9109 9113 9114 9118 9119 9124 9138 9139 9142 9149 9152 9156 9162 9164 9173 9176 9177 9182 9185 9192 9199 9207 9208 9209 9212 9215 9216 9219 9234 9235 9238 9252 9253 9258 9262 9267 9269 9271 9280 9292 9297 9299 9300 9303 9305 9308 9327 9343 9354 9361 9369 9372 9379 9397 9400 9404 9417 9425 9428 9438 9441 9442 9444 9452 9454 9474 9475 9486 9498 9511 9527 17214 17217 17274 71 109 127 129 137 171 180 254 383 406 556 560 580 687 818 870 923 949 1133 1137 1293 1367 1438 1439 1462 1579 1602 1755 1848 1980 2002 2035 2047 2063 2213 2280 2355 2366 2387 2414 2445 2481 2607 2609 2734 2757 2812 2833 2847 2860 2884 2900 3050 3073 3085 3089 3111 3116 3253 3320 3326 3392 3479 3535 3550 3607 3637 3678 3698 3755 3768 3803 3809 3904 3933 4061 4106 4123 4145 4207 4255 4268 4311 4442 4474 4507 4565 4731 4819 4838 4857 4888 4899 4905 4916 4926 4929 4941 5011 5019 5034 5103 5113 5168 5172 5214 5329 5359 5397 5406 5477 5529 5621 5692 5712 5713 5715 5725 5765 5903 5958 5967 5998 6053 6065 6122 6166 6236 6310 6325 6341 6424 6494 6535 6596 6668 6760 6763 6955 7023 8789 8799 8823 8838 8862 8863 8873 8877 8881 8884 8885 8888 8902 8905 8907 8923 8926 8928 8931 8937 8942 8946 8947 8951 8964 8967 8974 8989 8993 8999 9005 9026 9027 9032 9033 9044 9050 9051 9059 9063 9070 9072 9077 9082 9093 9098 9100 9104 9107 9110 9111 9125 9127 9133 9141 9157 9158 9161 9163 9165 9167 9170 9188 9189 9193 9195 9200 9201 9213 9217 9227 9237 9251 9256 9263 9274 9278 9281 9296 9298 9301 9306 9314 9320 9323 9332 9340 9341 9344 9355 9370 9374 9380 9388 9392 9427 9458 9470 9471 9483 9512 9531 17237 17275 170 191 247 370 531 557 641 875 1336 1577 1705 2000 2252 2284 2322 2503 2711 3020 3030 3284 3368 3649 3703 3832 4094 4103 4693 4795 5181 5218 5538 5653 5657 5816 5868 6078 6314 6485 6658 6929 8466 8480 8500 8552 8558 8580 8581 8613 8618 8623 8632 8645 8657 8658 8680 8705 8725 8732 
	}
	
	history={
		owner = EZO
		add_core_of = EZO
	}
	
	manpower=1
	state_category=town
	buildings_max_level_factor=1.000
}
