state={
	id=125
	name="STATE_125"
	provinces={
		248 328 1523 1581 2147 2197 2389 2410 2969 3234 3314 3626 3694 3917 4088 4329 4519 4782 5121 5186 5533 5548 5668 5986 6261 6684 6811 6823 6864 6874 6904 7040 7096 11693 11697 11698 11699 11703 11705 11706 11709 11711 11712 11716 11717 11720 11721 11722 11724 11725 11726 11727 11728 11730 11731 11732 11733 11734 11735 11736 11737 
	}
	
	history={
		owner = KYU
		add_core_of = KYU
	}
	
	manpower=1
	state_category=town
	buildings_max_level_factor=1.000
}
