state={
	id=145
	name="STATE_145"

	state_category = pastoral

#	resources={
#		chromium=20
#		steel = 10
#	}

	history={
		owner = EZO
		buildings = {
			infrastructure = 1
			arms_factory = 0
			industrial_complex = 0
			#3087 = {
			#	naval_base = 1
			#}
		}
		add_core_of = EZO
		# victory_points = { 3087 1 }	# yawatahawa
	}

	provinces={
		3872 4223 4745 4774 4878 5232 6035 6563 6608 6726 7040 7579 8189 8634 9064 9125 10159 10160 10161 10162 10163 10164 10165 10166 10167 10168 10169 10170 10171 10172 10173 10174 10175 10176 10177 10178 10179 10180 10181 10182 10183 10184 10185 10186 10187 10188 10189 10190 10191 10192 10193 10194 10195 10196 10197 10198 10199 10200 10201 10202 10203 10204 10205 10206 10207 10208 10209 10210 10211 10212 10213 10214 10215 10216 10217 10218 10219 10220 10221 10222 10223 10224 10225 10226 10227 10228 10229 10230 10231 10232 10233 10234 10235 10236 10237 10238 10239 10240 10241 10242 10243 10244 10245 10246 10247 10248 10249 10250 10251 10252 10253 10254 10255 10256 10257 10287
	}
	manpower=10000
	buildings_max_level_factor=1.000
}