
state={
	id=150
	name="STATE_150"
	provinces={
		7 21 72 99 196 210 294 296 301 329 343 438 439 445 458 560 609 620 641 685 706 711 755 833 870 871 895 907 921 924 933 954 961 982 1027 1088 1089 1097 1112 1157 1181 1207 1246 1258 1357 1369 1376 1383 1411 1422 1465 1538 1628 1631 1777 1782 1787 2767 2817 2835 2845 2870 2873 2881 2893 2898 2908 2912 2916 2925 2931 2932 2933 2951 2952 2956 2967 2974 2980 2988 2994 2995 2999 3018 3023 3040 3041 3051 3065 3078 3090 3091 3092 3096 3097 3098 3105 3109 3125 3126 3135 3136 3172 3180 3181 3190 3203 3221 3224 3231 3232 3263 3312 
	}
	manpower=100000
	buildings_max_level_factor=1.000
	state_category=rural
}
