state={
	id=154
	name="STATE_154"

	state_category = pastoral

#	resources={
#		chromium=20
#		steel = 10
#	}

	history={
		owner = FER
		buildings = {
			infrastructure = 2
			arms_factory = 0
			industrial_complex = 0
			#3087 = {
			#	naval_base = 1
			#}
		}
		add_core_of = FER
	}

	provinces={
		3787 3827 3833 3878 3886 3918 3940 3979 4016 4030 4047 4079 4107 4125 4168 4171 4201 4203 4335 4344 4345 4360 4366 4377 4463 4489 4543 4557 4587 4589 4595 4652 4665 4678 4729 4807 4812 4815 4825 4904 4947 4979 5027 5063 5077 5084 5092 5098 5128 5129 5140 5178 5181 5356 5451 5485 5488 5494 5511 5586 5635 5657 5718 5780 5823 5873 5905 5935 5966 5994 5998 6007 6034 6180 6193 6270 6280 6285 6298 6310 6326 6387 6418 6488 6533 6556 6582 6618 6622 6628 6646 6755 6791 6867 6952 6963 7013 7061 7110 7138 7166 7291 7407 7427 7467 7480 7516 7571 7648 7670 7682 7708 7709 7720 7802 7885 7906 7912 7920 7982 7997 8031 8150 8210 8298 8307 8365 8496 8509 8512 8538 8591 8639 8656 8673 8764 8782 8815 8913 8994 9025 9052 9087 9091 9092 9117 9121 9122 9130 9132 9138 9141 9143 9144 9147 9149 9155 9187 9199 9224 9306 9323 9346 9351 9364 9376 9426 9428 
	}
	manpower=10000
	buildings_max_level_factor=1.000
}