
state={
	id=155
	name="STATE_155"

	history={
		owner = JOS
		buildings = {
			infrastructure = 2
			arms_factory = 0
			industrial_complex = 0

		}
		add_core_of = JOS

	}

	provinces={
		3787 4807 6193 6298 7648 8496 9364 10291 10294 10295 10296 10298 10299 10306 10307 10308 10309 10310 10311 10314 10315 10316 10317 10318 10319 10320 10321 10322 10323 10324 10325 10326 10327 10328 10329 10330 10331 10332 10333 10334 10335 10336 10337 10338 10339 10340 10341 10342 10343 10344 10345 10346 10347 10348 10349 10350 10351 10352 10353 10354 10355 10356 10357 10358 10359 10360 10361 10362 10363 10364 10365 10366 10367 10368 10369 10370 10371 10372 10373 10374 10375 10376 10377 10378 10379 10380 10381 10382 10383 10384 10385 10386 10387 10388 10388 10389 10390 10391 10392 10393 10394 10395 10396 10397 10398 10399
	}
	manpower=10000
	buildings_max_level_factor=1.000
	state_category=pastoral
}
