
state={
	id=158
	name="STATE_158"

	history={
		owner = JOS
		buildings = {
			infrastructure = 2
			arms_factory = 0
			industrial_complex = 0

		}
		add_core_of = JOS

	}

	provinces={
		4168 4543 4595 4729 5635 5994 6533 6755 7138 7906 7982 8673 8782 9052 9351 10621 10622 10623 10624 10625 10626 10627 10628 10629 10630 10631 10632 10633 10634 10635 10636 10637 10638 10639 10640 10641 10642 10643 10644 10645 10646 10647 10648 10649 10650 10651 10652 10653 10654 10655 10656 10657 10658 10659 10660 10661 10662 10663 10664 10665 10666 10667 10668 10669 10670 10671 10672 10673 10674 10675 10676 10677 10678 10679 10680 10681 10682 10683 10684 10685 10686 10687 10688 10689 10690 10691 10692 10693 10694 10695 10696 10697 10698 10699 10700 10701
	}
	manpower=10000
	buildings_max_level_factor=1.000
	state_category=pastoral
}
