
state={
	id=161
	name="STATE_161"

	history={
		owner = JOS
		buildings = {
			infrastructure = 2
			arms_factory = 1
			industrial_complex = 1
			3659 = {
				naval_base = 10

			}

		}
		add_core_of = JOS
		set_variable = {
			division_limit_infrastructure_weight = 10

		}
		victory_points = { 10987 10 }	# Suwon
		victory_points = { 5718 5 }	# Goyang
		victory_points = { 10941 15 }	# Incheon

	}

	provinces={
		124 320 431 613 649 668 932 1002 1189 1322 1384 1993 1995 2356 2358 2371 2739 2818 2878 2883 2926 3097 3138 3193 3195 3433 3514 3525 3548 3567 3588 3659 3688 4171 4257 4318 4451 4481 4485 4552 4659 4664 4855 4868 4894 5188 5231 5247 5600 5615 6026 6087 6577 6703 6777 6853 6962 7025 7061 7123 10252 10255 10270 10274 10275 10281 10287 10294 10300 10304 10306 10314 10316 10323 10324 10333 10339 10348 10360 10362 10363 10368 10370 10372 10377 10380 10386 10387 10388 10391 10399 10401 10411 10423 10424 10428 10431 10433 10442 10444 10450 10453 10458 10462 10463 10472 10473 10475 10482 10488 10493 10498 10502 10505 10508 10519 10520 10523 10527 10528 10529 10537 10542 10543 10565 10573 10584 
	}
	manpower=945345
	buildings_max_level_factor=1.000
	state_category=large_town
}
