
state={
	id=164
	name="STATE_164"

	history={
		owner = JOS
		buildings = {
			infrastructure = 2
			arms_factory = 1
			industrial_complex = 1

		}
		add_core_of = JOS
		victory_points = {
			11476 5 
		}
		victory_points = {
			11457 1 
		}
		victory_points = {
			11450 1 
		}
	}

	provinces={
		86 696 890 1244 1253 1349 1526 1607 1909 2212 2345 2681 2882 2984 2994 3228 3310 3427 3521 3552 3616 3821 3921 3955 4139 4142 4234 4275 4336 4880 4904 5037 5154 5228 5471 5508 5527 5579 5609 5629 5642 5737 5793 5827 5931 6330 6500 6800 6886 6907 6952 7046 7153 7160 10072 10075 10080 10081 10086 10091 10093 10096 10100 10102 10103 10106 10107 10108 10111 10113 10115 10117 10121 10129 10137 10138 10140 10143 10145 10151 10152 10154 10155 10165 10169 10170 10172 10176 10179 10186 10187 10191 10195 10200 10206 10208 10212 10214 10222 10225 10227 10232 10240 10244 10251 10259 10266 10307 10311 10313 10341 10342 10356 10365 17301 
	}
	manpower=834543
	buildings_max_level_factor=1.000
	state_category=pastoral
}
