
state={
	id=165
	name="STATE_165"

	history={
		owner = JOS
		buildings = {
			infrastructure = 2
			arms_factory = 0
			industrial_complex = 0
			11339 = {
				naval_base = 5
			}
		}
		add_core_of = JOS
		victory_points = { 11339 5 }	# Wonsan
		victory_points = { 11337 1 }	# Munchon
	}

	provinces={
		4201 5181 5494 6280 6488 7670 9199 11328 11329 11330 11331 11332 11333 11334 11335 11336 11337 11338 11339 11340 11341 11342 11343 11344 11345 11346 11347 11348 11349 11350 11351 11352 11353 11354 11355 11356 11357 11358 11359 11360 11361 11362 11363 11364 11365 11366 11367 11368 11369 11370 11371 11372 11373 11374 11375 11376 11377 11378 11379 11380 11381 11382 11383 11384 11385 11386 11387 11388 11389 11390 11391 11392 11393 11394 11395 11396 11397 11398 11399 11400 11401 11402 11403 11404 11405 11406 11407 11408 11409 11410 11411 11412 11413 11414 11415 11416 11417 11418 11419 11420 11421 11422 11423 11424 11425 11426 11427 11428 11429 11430 11431 11432 11433 11434 11435 11436 11437 11438 11439 11440 11441 11442 11443 11444 11445 11446 11447 11448 
	}
	manpower=735634
	buildings_max_level_factor=1.000
	state_category=pastoral
}
