
state={
	id=166
	name="STATE_166"

	history={
		owner = JOS
		buildings = {
			infrastructure = 2
			arms_factory = 0
			industrial_complex = 0
			11535 = {
				naval_base = 1

			}

		}
		add_core_of = JOS
		victory_points = {
			11631 5 
		}
		victory_points = {
			11535 5 
		}

	}

	provinces={
		4030 4463 5823 6387 6867 7013 7467 8307 9149 11534 11535 11536 11537 11538 11539 11540 11541 11542 11543 11544 11545 11552 11553 11554 11555 11556 11557 11558 11559 11560 11561 11562 11563 11564 11565 11566 11567 11568 11569 11570 11571 11572 11573 11574 11579 11580 11581 11582 11583 11584 11585 11586 11587 11588 11589 11590 11591 11592 11593 11594 11595 11596 11597 11598 11599 11600 11601 11602 11603 11604 11605 11606 11607 11608 11609 11610 11611 11612 11613 11614 11615 11616 11617 11618 11619 11620 11621 11622 11623 11624 11625 11626 11627 11628 11629 11630 11631 11632 11633 11634 11635 11636 11637 11638 11639 11640 11641 11642 11643 11644 11647 11648 11654 11657 11658 11659 11660 11661 11662 11663 11664 11665 11666 11667 11668 11674 11675 11676 11678 
	}
	manpower=10000
	buildings_max_level_factor=1.000
	state_category=pastoral
}
