
state={
	id=167
	name="STATE_167"
	resources={
		tungsten=10.000
	}

	history={
		owner = JOS
		buildings = {
			infrastructure = 2
			arms_factory = 1
			industrial_complex = 1
			11893 = {
				naval_base = 1

			}
			11901 = {
				naval_base = 1

			}

		}
		add_core_of = JOS
		set_variable = {
			division_limit_infrastructure_weight = 10

		}

	}

	provinces={
		354 404 643 836 844 892 947 1014 1118 1688 2214 2230 2325 2434 2466 2530 2549 2608 2683 3182 3197 3254 3261 3274 3327 3603 3711 3923 4911 5239 5287 5586 5776 5784 5902 5915 5933 6072 6113 6121 6317 6334 6445 6502 6891 7004 9723 9725 9732 9744 9745 9747 9751 9762 9765 9766 9767 9771 9779 9783 9784 9787 9793 9796 9801 9805 9807 9808 9811 9816 9821 9824 9825 9830 9837 9838 9841 9847 9854 9857 9858 9860 9865 9877 9883 9887 9895 9896 9899 9900 9901 9902 9903 9913 9914 9920 9928 9931 9933 9941 9945 9950 9953 9961 9963 9977 
	}
	manpower=1045797
	buildings_max_level_factor=1.000
	state_category=town
}
