
state={
	id=168
	name="STATE_168"
	
	resources={
		steel=3 
	}

	history={
		owner = JOS
		buildings = {
			infrastructure = 2
			arms_factory = 1
			industrial_complex = 1
			12035 = {
				naval_base = 1
			}
			12022 = {
				naval_base = 1
			}

		}
		add_core_of = JOS
		#victory_points = { 12035 5 }	# Chongjin
		#victory_points = { 12071 10 }	# Hoeryong
		#victory_points = { 12022 10 }	# Kimchaek
		set_variable = { division_limit_infrastructure_weight = 10 }
		
		set_demilitarized_zone = yes

	}
    
	provinces={
		30 246 249 310 367 585 593 595 633 654 813 848 863 898 910 966 972 981 1176 1306 1491 1697 1785 1816 1869 2112 2210 2219 2331 2403 2521 2570 2597 2842 2894 2949 2986 3044 3055 3130 3210 3238 3375 3398 3436 3450 3492 3668 3690 3788 3896 4119 4140 4146 4238 4313 4435 4456 4547 4603 4668 4752 4825 4833 4848 4866 5099 5130 5171 5200 5205 5276 5280 5373 5441 5457 5461 5485 5496 5619 5652 5792 5853 5866 5959 5971 6038 6066 6095 6135 6175 6188 6221 6232 6309 6380 6452 6495 6503 6589 6631 6662 6666 6687 6693 6802 6808 6917 6927 6934 6956 6966 7027 7138 9358 9359 9366 9367 9382 9383 9386 9391 9396 9399 9409 9416 9419 9422 9424 9430 9435 9439 9445 9447 9450 9453 9457 9460 9466 9467 9472 9473 9480 9481 9484 9485 9488 9491 9493 9494 9496 9497 9502 9505 9508 9510 9515 9519 9520 9523 9524 9530 9534 9536 9542 9543 9545 9552 9553 9554 9557 9559 9564 9565 9577 9581 9583 9588 9590 9594 9596 9597 9603 9604 9610 9614 9615 9617 9619 9620 9630 9632 9633 9637 9644 9653 9657 9659 9663 9665 9668 9673 9679 9695 9711 
	}
	manpower=845674
	buildings_max_level_factor=1.000
	state_category=rural
}
