
state={
	id=169
	name="STATE_169"

	history={
		owner = JOS
		buildings = {
			infrastructure = 2
			arms_factory = 0
			industrial_complex = 0

		}
		add_core_of = JOS

	}

	provinces={
		4203 6034 7516 7920 8298 9087 9138 11705 11706 11707 11708 11709 11710 11711 11712 11713 11714 11715 11716 11717 11718 11719 11720 11721 11722 11723 11724 11725 11726 11727 11728 11729 11730 11731 11732 11733 11734 11735 11736 11737 11738 11739 11740 11741 11742 11743 11744 11745 11746 11747 11748 11749 11750 11751 11752 11753 11754 11755 11756 11757 11758 11759 11760 11761 11762 11763 11764 11765 11766
	}
	manpower=10000
	buildings_max_level_factor=1.000
	state_category=pastoral
}
