
state={
	id=186
	name="STATE_186"

	history={
		owner = FER
		buildings = {
			infrastructure = 4
			arms_factory = 1
			industrial_complex = 1
			dockyard = 1
		}
		add_core_of = FER
		victory_points = { 5490 10 }	#Artyon
		set_variable = { division_limit_infrastructure_weight = 10 }
	}

	provinces={
		45 118 185 188 250 264 386 476 518 525 555 579 587 611 763 811 842 859 869 878 988 1027 1155 1166 1191 1234 1243 1292 1310 1415 1431 1458 1478 1586 1672 1721 1774 1779 1784 1794 1824 1910 1948 1973 2033 2046 2051 2101 2117 2160 2187 2205 2226 2286 2416 2491 2598 2646 2663 2679 2750 2800 2834 2876 2989 3000 3059 3101 3192 3357 3415 3454 3490 3545 3614 3675 3677 3756 3886 3920 3953 3986 4010 4025 4042 4044 4081 4200 4213 4249 4261 4289 4404 4545 4685 4841 4994 5025 5077 5152 5176 5194 5235 5332 5351 5425 5490 5498 5509 5531 5690 5706 5738 5741 5754 5760 5848 5858 6000 6002 6024 6035 6057 6083 6092 6096 6109 6169 6211 6237 6348 6355 6375 6516 6518 6558 6602 6624 6652 6691 6728 6945 6969 6979 7072 7099 8446 8462 8507 8516 8529 8531 8536 8540 8550 8551 8566 8573 8579 8582 8596 8597 8605 8609 8615 8617 8622 8625 8630 8635 8643 8648 8649 8650 8651 8652 8670 8674 8675 8686 8690 8703 8704 8708 8712 8713 8727 8731 8743 8751 8763 8769 8782 8792 8802 8810 8825 8831 8832 8837 8842 8844 8869 8887 8890 8897 8910 8915 8934 8948 8958 8981 8997 9006 9010 9015 9035 9071 9091 9123 9160 9206 9259 9277 9282 9285 11760 
	}
	manpower=1135655
	buildings_max_level_factor=1.000
	state_category=large_city
}
