
state={
	id=19
	name="STATE_19"
	provinces={
		282 345 435 967 1124 1147 1223 1235 1480 1529 1559 1571 1687 2150 2158 2186 2328 2712 2763 2911 3152 3183 3330 3463 3470 3493 3576 3980 4090 4353 4420 4744 4895 4933 5032 5038 5169 5318 5597 5901 6110 6168 6298 6564 6968 9034 9120 9128 9131 9155 9171 9178 9179 9196 9203 9214 9222 9243 9244 9245 9246 9260 9264 9270 9275 9283 9287 9289 9293 9294 9307 9309 9318 9319 9324 9326 9328 9342 9362 17286 9 66 115 117 209 216 227 237 260 296 400 416 417 498 551 559 690 710 750 756 764 816 825 874 891 927 935 975 1015 1019 1037 1054 1213 1221 1236 1284 1309 1331 1335 1339 1368 1419 1522 1565 1622 1629 1632 1645 1664 1694 1701 1783 1801 1834 1836 1933 1937 2039 2054 2056 2061 2090 2131 2151 2162 2191 2196 2245 2276 2323 2375 2413 2420 2436 2440 2458 2541 2544 2687 2713 2737 2758 2781 2784 2845 2852 2873 2885 2890 2916 2924 2966 3039 3086 3154 3227 3231 3232 3260 3277 3371 3417 3448 3484 3519 3544 3597 3661 3689 3704 3811 3887 3947 3965 4015 4016 4019 4067 4085 4167 4228 4229 4279 4345 4419 4463 4475 4490 4535 4563 4651 4839 4864 4879 4966 5015 5098 5118 5129 5165 5211 5279 5294 5298 5313 5347 5358 5360 5378 5422 5429 5478 5503 5559 5562 5564 5605 5610 5633 5634 5639 5658 5660 5696 5717 5734 5769 5797 5831 5872 5887 5908 5955 6050 6075 6091 6117 6118 6159 6214 6268 6302 6322 6331 6386 6410 6440 6479 6533 6534 6568 6581 6606 6660 6753 6786 6798 6817 6842 7125 7135 7142 9321 9339 9352 9357 9363 9364 9368 9371 9376 9381 9384 9387 9389 9398 9405 9406 9408 9410 9413 9418 9420 9429 9431 9434 9436 9440 9443 9451 9456 9459 9462 9464 9465 9468 9476 9477 9479 9482 9489 9492 9495 9500 9503 9506 9513 9516 9525 9532 9533 9535 9538 9539 9546 9548 9551 9556 9561 9567 9570 9571 9578 9582 9586 9591 9595 9598 9601 9605 9607 9608 9612 9624 9645 9646 9649 9652 9669 9670 9675 9692 9698 9702 9720 9721 9731 9740 9746 9748 9768 9776 9780 9789 9795 9799 9804 9810 9814 9823 9864 9869 9888 9917 9918 9936 17288 17290 17291 17292 
	}
	
	history={
		owner = ROC
		add_core_of = ROC
		victory_points = {
			3947 10
		}
		buildings = {
			3947 = {
				naval_base = 8
				coastal_bunker = 3
			}
		}
	}
	
	manpower=1
	state_category=town
	buildings_max_level_factor=1.000
}
