
state={
	id=2
	name="STATE_2"

	history={
		owner = ROC
		add_core_of = ROC

	}

	provinces={
		3 5 7 12 14 18 20 28 33 41 42 45 50 56 57 60 61 62 68 69 70 73 78 80 81 84 91 93 94 99 101 102 104 108 110 114 122 126 131 138 140 142 146 148 151 154 165 167 169 179 183 186 197 198 201 203 210 215 220 222 224 229 236 240 244 263 265 267 268 271 273 274 278 280 287 293 297 298 299 300 302 312 318 324 327 331 334 336 338 343 344 347 353 359 361 369 374 378 379 382 395 396 398 409 414 415 421 426 428 430 436 438 440 444 452 453 460 463 467 469 472 474 480 488 495 502 504 505 506 507 513 523 529 530 532 535 537 538 542 546 547 548 549 552 564 569 572 577 581 583 589 597 598 600 601 603 607 612 616 636 637 638 640 642 644 647 650 651 652 653 656 663 664 667 676 678 679 682 684 699 702 703 709 721 728 734 739 743 748 758 760 768 772 778 790 792 797 798 799 802 805 806 809 812 819 820 824 828 833 835 841 849 850 851 852 861 862 864 865 867 868 872 876 880 885 894 900 901 906 912 920 922 930 936 937 939 955 971 976 977 979 984 985 994 996 999 1010 1011 1012 1020 1021 1022 1024 1025 1026 1029 1033 1041 1042 1043 1049 1053 1055 1060 1061 1062 1065 1067 1068 1070 1071 1073 1074 1075 1076 1078 1081 1082 1083 1089 1092 1094 1098 1103 1106 1107 1108 1109 1110 1117 1123 1134 1140 1142 1149 1151 1157 1160 1162 1167 1170 1171 1179 1180 1181 1184 1185 1188 1192 1195 1196 1200 1201 1202 1204 1210 1222 1225 1238 1242 1247 1251 1255 1261 1263 1266 1272 1275 1278 1282 1285 1289 1295 1296 1297 1302 1304 1308 1317 1318 1319 1325 1332 1334 1343 1347 1351 1353 1355 1356 1360 1366 1370 1376 1378 1385 1387 1397 1400 1405 1413 1414 1420 1421 1423 1427 1430 1432 1433 1434 1440 1442 1455 1456 1457 1460 1464 1466 1468 1469 1473 1475 1477 1485 1486 1487 1494 1495 1496 1500 1506 1507 1509 1514 1515 1516 1517 1535 1536 1542 1547 1550 1552 1553 1558 1560 1563 1564 1575 1576 1585 1589 1595 1597 1598 1603 1608 1609 1610 1620 1623 1624 1630 1633 1634 1636 1647 1651 1654 1662 1670 1671 1678 1682 1685 1689 1690 1692 1695 1700 1709 1711 1715 1717 1722 1725 1728 1731 1746 1747 1750 1752 1760 1763 1768 1776 1777 1788 1789 1790 1791 1793 1795 1800 1802 1810 1812 1813 1815 1823 1826 1829 1832 1841 1844 1851 1859 1860 1863 1865 1866 1868 1879 1883 1884 1890 1902 1903 1906 1908 1915 1919 1922 1923 1924 1927 1929 1931 1932 1939 1942 1957 1959 1963 1965 1977 1978 1985 1988 2003 2007 2009 2014 2017 2018 2023 2031 2044 2049 2055 2065 2067 2068 2076 2078 2084 2086 2089 2107 2118 2122 2128 2129 2132 2136 2137 2140 2144 2149 2152 2153 2161 2166 2174 2177 2188 2189 2194 2199 2200 2201 2202 2206 2207 2221 2223 2225 2232 2234 2238 2240 2241 2242 2243 2250 2254 2267 2282 2283 2287 2290 2294 2296 2297 2300 2306 2311 2315 2316 2318 2320 2324 2330 2335 2337 2342 2343 2344 2350 2351 2361 2367 2369 2372 2378 2380 2382 2383 2384 2386 2393 2405 2406 2407 2417 2424 2425 2427 2442 2446 2451 2455 2469 2475 2476 2477 2500 2507 2518 2519 2520 2522 2525 2529 2531 2538 2539 2542 2551 2552 2553 2557 2558 2560 2563 2567 2571 2586 2592 2602 2605 2606 2612 2620 2624 2625 2629 2632 2639 2648 2649 2653 2656 2658 2659 2664 2667 2676 2678 2682 2695 2699 2703 2704 2705 2715 2723 2730 2731 2735 2742 2745 2747 2749 2751 2755 2761 2765 2768 2771 2776 2777 2779 2787 2790 2791 2792 2793 2795 2799 2804 2805 2810 2813 2821 2822 2823 2831 2832 2836 2846 2856 2858 2866 2870 2880 2888 2893 2895 2902 2903 2915 2919 2929 2937 2945 2948 2950 2952 2954 2956 2958 2959 2965 2979 2980 2983 2985 2987 2991 2993 2996 3002 3004 3008 3011 3013 3019 3023 3032 3035 3045 3049 3053 3058 3061 3065 3074 3079 3098 3099 3100 3114 3126 3128 3137 3143 3162 3164 3165 3173 3179 3180 3187 3188 3190 3200 3203 3206 3211 3215 3217 3219 3220 3236 3239 3243 3252 3256 3257 3258 3259 3262 3263 3269 3271 3276 3283 3293 3294 3301 3305 3322 3325 3328 3329 3336 3339 3340 3345 3348 3349 3351 3352 3355 3356 3357 3358 3360 3366 3370 3372 3376 3377 3379 3381 3386 3389 3390 3395 3400 3403 3409 3411 3412 3413 3414 3416 3428 3430 3434 3435 3439 3442 3443 3452 3456 3458 3460 3464 3471 3481 3487 3489 3490 3495 3497 3499 3515 3518 3528 3533 3537 3539 3541 3546 3549 3554 3556 3558 3560 3568 3569 3570 3575 3578 3581 3587 3591 3593 3596 3600 3604 3613 3617 3618 3620 3623 3628 3639 3640 3642 3643 3644 3645 3648 3650 3662 3665 3670 3671 3676 3682 3684 3686 3687 3693 3699 3700 3702 3706 3710 3715 3716 3717 3732 3733 3734 3737 3738 3747 3752 3753 3761 3763 3764 3765 3766 3775 3782 3787 3789 3795 3797 3807 3813 3819 3824 3826 3831 3840 3842 3844 3852 3856 3861 3868 3870 3872 3873 3874 3877 3878 3883 3895 3901 3902 3907 3908 3909 3912 3914 3916 3918 3924 3927 3935 3936 3940 3941 3957 3960 3969 3973 3977 3978 3979 3981 3988 3990 3991 3992 4000 4001 4003 4005 4006 4011 4012 4020 4026 4031 4033 4040 4052 4053 4056 4060 4069 4071 4076 4084 4086 4096 4107 4118 4127 4128 4131 4136 4144 4151 4153 4156 4158 4169 4182 4187 4199 4201 4202 4204 4205 4209 4214 4220 4225 4226 4231 4240 4241 4244 4252 4259 4263 4267 4283 4290 4293 4294 4297 4304 4310 4316 4317 4324 4326 4331 4334 4342 4351 4354 4361 4364 4368 4373 4378 4379 4384 4395 4397 4399 4401 4405 4407 4412 4422 4425 4431 4432 4437 4438 4440 4441 4449 4452 4454 4458 4460 4461 4462 4470 4473 4478 4484 4486 4493 4496 4498 4501 4504 4505 4508 4509 4513 4515 4518 4524 4525 4530 4532 4533 4537 4540 4543 4548 4556 4558 4568 4570 4571 4574 4577 4587 4588 4593 4599 4600 4602 4608 4611 4614 4615 4622 4624 4625 4626 4632 4633 4634 4641 4643 4645 4662 4665 4666 4673 4677 4681 4686 4687 4689 4692 4694 4703 4705 4707 4708 4709 4711 4717 4723 4724 4727 4728 4734 4736 4739 4746 4750 4764 4765 4770 4776 4784 4785 4788 4790 4791 4794 4796 4798 4800 4806 4809 4817 4818 4821 4828 4830 4832 4835 4836 4842 4846 4847 4850 4859 4862 4878 4882 4886 4896 4903 4923 4932 4938 4945 4948 4950 4957 4963 4964 4965 4967 4969 4971 4972 4988 4990 4997 5000 5001 5002 5006 5007 5014 5017 5023 5035 5040 5041 5042 5047 5056 5057 5070 5071 5075 5081 5083 5084 5092 5105 5112 5125 5126 5127 5132 5135 5136 5139 5159 5160 5163 5177 5180 5195 5209 5212 5215 5222 5224 5230 5232 5237 5238 5241 5244 5245 5248 5259 5260 5262 5265 5269 5275 5277 5281 5284 5292 5293 5305 5314 5316 5317 5324 5331 5335 5336 5337 5338 5353 5361 5363 5370 5374 5388 5391 5394 5395 5398 5401 5408 5409 5412 5416 5419 5425 5438 5440 5444 5451 5462 5465 5466 5469 5472 5474 5476 5480 5483 5494 5502 5504 5505 5511 5521 5532 5540 5544 5549 5550 5551 5552 5556 5557 5570 5575 5577 5581 5591 5599 5606 5607 5612 5613 5617 5622 5623 5626 5636 5641 5644 5650 5651 5662 5672 5673 5679 5682 5683 5686 5687 5688 5695 5699 5702 5703 5711 5718 5729 5743 5761 5777 5790 5796 5798 5804 5807 5819 5824 5840 5849 5851 5854 5860 5861 5867 5876 5879 5883 5890 5893 5899 5904 5910 5914 5919 5922 5923 5925 5929 5934 5935 5940 5942 5946 5948 5952 5957 5965 5973 5979 5981 5982 5985 5994 6015 6017 6021 6040 6045 6048 6051 6055 6058 6059 6069 6074 6088 6097 6101 6107 6111 6116 6120 6124 6127 6128 6136 6139 6144 6145 6146 6149 6151 6152 6153 6154 6156 6160 6162 6164 6174 6180 6182 6191 6195 6197 6199 6201 6204 6206 6208 6215 6218 6222 6233 6242 6244 6245 6246 6247 6252 6254 6258 6262 6267 6271 6273 6275 6281 6286 6290 6291 6293 6297 6299 6308 6311 6323 6324 6327 6337 6347 6352 6357 6358 6360 6361 6363 6369 6373 6378 6382 6384 6387 6393 6405 6407 6416 6420 6427 6437 6442 6454 6461 6463 6470 6476 6482 6491 6510 6512 6513 6517 6525 6530 6532 6543 6544 6560 6566 6567 6572 6573 6575 6576 6578 6584 6586 6587 6591 6592 6595 6597 6598 6600 6604 6608 6615 6616 6619 6622 6623 6626 6633 6636 6640 6645 6653 6654 6655 6661 6667 6675 6680 6682 6694 6697 6698 6700 6707 6711 6713 6716 6720 6725 6737 6746 6747 6751 6755 6765 6770 6774 6775 6776 6789 6794 6795 6799 6804 6809 6813 6818 6821 6824 6826 6831 6833 6838 6839 6843 6845 6850 6858 6868 6879 6896 6899 6903 6911 6912 6916 6931 6953 6954 6957 6960 6965 6972 6973 6980 6985 7020 7021 7022 7024 7033 7034 7037 7041 7042 7044 7048 7056 7057 7066 7067 7070 7073 7074 7077 7079 7082 7084 7086 7092 7093 7105 7106 7107 7112 7116 7120 7122 7126 7131 7133 7148 7151 7157 7158 7162 7163 7165 7167 7168 7170 7178 7179 7213 7214 7231 7239 7241 7244 7253 7257 7258 7260 7263 7267 7269 7275 7279 7282 7283 7285 7300 7308 7315 7322 7326 7329 7331 7334 7341 7344 7348 7354 7357 7360 7361 7362 7364 7368 7374 7375 7377 7378 7381 7384 7387 7397 7401 7402 7406 7411 7412 7414 7416 7418 7423 7427 7428 7429 7431 7432 7433 7436 7437 7438 7444 7445 7449 7452 7453 7454 7456 7463 7464 7465 7467 7470 7474 7477 7480 7485 7486 7487 7488 7490 7492 7494 7497 7498 7500 7504 7505 7506 7509 7512 7513 7521 7522 7524 7525 7526 7529 7533 7534 7538 7541 7543 7544 7545 7546 7547 7551 7552 7554 7556 7557 7563 7564 7567 7570 7574 7575 7576 7577 7583 7590 7591 7593 7597 7598 7601 7602 7605 7606 7611 7619 7620 7621 7625 7626 7629 7635 7639 7640 7641 7642 7644 7646 7649 7650 7651 7652 7653 7656 7657 7661 7662 7663 7664 7665 7666 7667 7668 7669 7676 7677 7680 7683 7685 7688 7689 7692 7693 7697 7698 7699 7708 7710 7714 7716 7717 7718 7720 7721 7724 7725 7727 7729 7731 7733 7737 7738 7741 7742 7743 7747 7748 7749 7750 7753 7754 7755 7757 7759 7761 7762 7765 7767 7768 7771 7772 7773 7774 7776 7777 7778 7779 7780 7781 7782 7785 7787 7788 7789 7790 7791 7792 7794 7797 7798 7799 7800 7801 7803 7804 7805 7806 7807 7808 7809 7810 7811 7813 7814 7815 7816 7817 7818 7820 7821 7822 7823 7827 7828 7829 7830 7831 7832 7833 7834 7835 7837 7838 7839 7840 7843 7844 7846 7847 7848 7849 7850 7851 7852 7853 7854 7855 7856 7857 7858 7859 7861 7862 7863 7864 7865 7866 7867 7869 7870 7871 7873 7874 7875 7876 7877 7878 7881 7882 7883 7886 7887 7888 7889 7890 7891 7892 7893 7894 7896 7897 7899 7900 7901 7902 7903 7905 7906 7907 7908 7909 7910 7911 7912 7916 7917 7919 7920 7923 7924 7925 7926 7927 7928 7929 7930 7931 7934 7935 7937 7938 7939 7943 7944 7945 7947 7948 7950 7951 7952 7954 7955 7956 7957 7958 7959 7960 7961 7962 7965 7967 7970 7971 7972 7974 7977 7978 7980 7981 7982 7983 7984 7985 7986 7989 7992 7993 7994 7995 7996 7997 7999 8000 8001 8002 8003 8004 8006 8007 8009 8010 8011 8012 8013 8014 8016 8017 8022 8023 8025 8026 8027 8028 8029 8030 8031 8032 8035 8036 8038 8039 8040 8041 8042 8043 8044 8045 8047 8048 8049 8053 8054 8055 8056 8057 8058 8059 8060 8061 8062 8065 8066 8067 8069 8070 8071 8073 8074 8075 8076 8077 8078 8079 8080 8082 8083 8084 8085 8086 8087 8088 8089 8091 8094 8095 8096 8097 8098 8100 8102 8103 8105 8107 8108 8109 8111 8112 8113 8114 8115 8116 8118 8119 8121 8123 8124 8125 8126 8127 8129 8130 8131 8132 8133 8135 8136 8137 8138 8139 8140 8142 8143 8144 8145 8146 8147 8148 8149 8150 8151 8152 8153 8154 8155 8156 8157 8159 8160 8161 8162 8163 8164 8165 8167 8168 8170 8171 8172 8174 8177 8178 8179 8180 8183 8186 8187 8188 8189 8190 8191 8193 8194 8195 8196 8197 8198 8199 8200 8201 8202 8203 8204 8205 8206 8207 8208 8210 8211 8212 8213 8214 8215 8216 8217 8218 8219 8221 8222 8223 8224 8226 8227 8228 8229 8230 8232 8233 8234 8235 8236 8237 8238 8240 8241 8242 8244 8245 8246 8247 8248 8249 8250 8251 8252 8253 8254 8255 8256 8257 8258 8259 8260 8262 8264 8265 8267 8270 8272 8273 8274 8275 8276 8277 8279 8280 8281 8282 8283 8284 8285 8286 8287 8289 8290 8292 8293 8295 8297 8298 8299 8300 8301 8302 8303 8304 8305 8306 8307 8308 8310 8311 8312 8313 8314 8315 8317 8318 8320 8321 8323 8325 8326 8327 8328 8330 8331 8332 8333 8334 8335 8336 8337 8338 8339 8340 8341 8342 8343 8344 8345 8346 8347 8349 8350 8351 8352 8353 8354 8355 8358 8360 8361 8362 8363 8365 8366 8367 8369 8371 8372 8373 8374 8375 8377 8379 8380 8381 8384 8385 8387 8388 8389 8390 8391 8393 8394 8395 8396 8397 8398 8400 8401 8404 8405 8406 8407 8408 8410 8412 8413 8414 8416 8417 8418 8419 8420 8421 8422 8423 8431 8432 8433 8434 8437 8438 8440 8441 8442 8443 8445 8448 8449 8450 8451 8455 8457 8458 8461 8465 8468 8471 8473 8476 8477 8478 8479 8483 8484 8485 8493 8494 8499 8504 8506 8508 8511 8515 8516 8518 8519 8521 8522 8523 8526 8527 8528 8532 8536 8539 8542 8544 8548 8549 8550 8555 8561 8565 8568 8569 8572 8574 8576 8577 8578 8587 8589 8593 8594 8598 8602 8603 8606 8607 8608 8612 8614 8624 8627 8629 8631 8638 8642 8644 8646 8655 8656 8659 8661 8666 8669 8677 8678 8682 8683 8687 8689 8697 8706 8711 8720 8724 8726 8733 8735 8738 8747 8750 8757 8759 8765 8768 8775 8780 8791 8795 8798 8801 8804 8817 8818 8821 8822 8826 8841 8858 8874 8889 8896 8921 8943 8972 17176 17192 17203 17219 17220 17222 17230 17231 17252 17253 17254 17255 17256 17257 17258 17259 17260 17261 17262 17263 17264 17266 17267 17268 17277 
	}
	manpower=1
	buildings_max_level_factor=1.000
	state_category=town
}
