state={
	id=21
	name="STATE_21"
	provinces={
		30 249 593 654 813 910 972 981 1467 1491 1869 1926 2112 2139 2210 2219 2331 2521 2584 2597 2842 2949 2986 3044 3055 3110 3124 3130 3208 3238 3375 3436 3450 3492 3534 3668 3690 3709 3896 4035 4119 4140 4313 4320 4435 4456 4547 4603 4668 4752 4758 4802 4825 4833 4866 5130 5156 5205 5276 5280 5373 5441 5461 5853 5959 5971 6066 6095 6165 6221 6232 6503 6589 6662 6666 6687 6927 6934 7027 7138 9231 9255 9265 9268 9284 9288 9310 9325 9329 9330 9333 9334 9347 9350 9353 9358 9359 9366 9367 9382 9383 9386 9391 9396 9399 9409 9416 9419 9422 9424 9430 9435 9439 9445 9447 9453 9457 9460 9466 9467 9473 9480 9484 9488 9491 9494 9496 9505 9508 9510 9520 9524 9530 9536 9545 9554 9557 9559 9564 9577 9581 9583 9590 9597 9603 9604 9610 9614 9620 9633 9637 9653 9659 9663 9668 9673 
	}
	
	history={
		owner = JOS
		add_core_of = JOS
	}
	
	manpower=1
	state_category=town
	buildings_max_level_factor=1.000
}
