
state={
	id=219
	name="STATE_219"

	history={
		owner = FER
		add_core_of = FER
		set_variable = { division_limit_infrastructure_weight = 10 }
		victory_points = { 7508 5 }	# Svotskaya Gavan
	}

	provinces={
		4 51 64 145 181 211 289 330 346 368 508 543 713 715 738 783 807 893 948 1034 1077 1129 1130 1229 1240 1426 1459 1492 1543 1683 1686 1696 1748 1765 1772 1850 1894 1911 1983 1997 2082 2209 2220 2228 2509 2561 2575 2628 2675 2729 2733 2783 2854 2982 3184 3323 3501 3523 3790 3829 3835 3890 4022 4093 4099 4183 4191 4298 4356 4482 4594 4704 4710 4732 4767 4774 4995 5008 5033 5076 5091 5250 5514 5628 5750 5826 6013 6060 6089 6278 6480 6488 6599 6605 6738 6759 6963 7063 7076 7140 7199 7200 7201 7202 7218 7230 7233 7234 7259 7292 7293 7298 7312 7330 7346 7355 7356 7376 7386 7399 7405 7435 7439 7447 7455 7457 7468 7475 7483 7499 7508 7528 7548 7550 7562 7565 7582 
	}
	manpower=567827
	buildings_max_level_factor=1.000
	state_category=large_city
}
