
state={
	id=220
	name="STATE_220"

	history={
		owner = FER
		add_core_of = FER
		set_variable = { division_limit_infrastructure_weight = 10 }
		victory_points = { 2611 10 }	# Khabarovsk
	}

	provinces={
		48 147 322 364 441 455 496 521 639 740 814 847 914 921 946 958 983 1000 1212 1218 1246 1280 1286 1404 1551 1568 1611 1702 1743 1856 1949 1970 2145 2218 2244 2317 2336 2398 2611 2698 2701 2851 2906 2953 3072 3080 3083 3139 3350 3401 3502 3718 3777 3839 3841 3975 4009 4027 4116 4122 4172 4190 4210 4258 4447 4476 4527 4669 4865 4867 4876 5027 5190 5240 5308 5547 5576 5693 5913 6181 6339 6519 6638 6641 6734 6851 6922 6981 7075 7089 7560 7568 7604 7628 7631 7648 7671 7679 7695 7702 7715 7735 7770 7783 7796 7812 7824 7825 7826 7836 7860 7872 7879 7884 7895 7913 7915 7921 7932 7940 7946 7963 7973 7988 7998 8020 8051 8072 8084 8090 8092 8099 8101 8104 8120 8122 8175 17250 
	}
	manpower=567827
	buildings_max_level_factor=1.000
	state_category=large_city
}
