
state={
	id=222
	name="STATE_222"

	history={
		owner = FER
		add_core_of = FER
		set_variable = { division_limit_infrastructure_weight = 10 }
		victory_points = { 4010 5 }	# Ussuriysk
	}

	provinces={
		45 188 250 518 525 555 811 859 1027 1155 1191 1234 1478 1721 1794 1910 1948 2051 2101 2205 2491 2663 2679 2800 2989 3357 3454 3490 3545 3677 4010 4025 4404 4685 4994 5025 5077 5235 5425 5738 5741 5760 6024 6211 6348 6558 6652 6691 6945 8507 8516 8529 8536 8550 8551 8579 8596 8609 8615 8622 8625 8635 8650 8651 8670 8674 8686 8690 8703 8713 8727 8731 8763 8782 8802 8810 8832 8837 8842 8897 
	}
	manpower=567827
	buildings_max_level_factor=1.000
	state_category=large_city
}
