
state={
	id=224
	name="STATE_224"

	history={
		owner = FER
		add_core_of = FER
		set_variable = { division_limit_infrastructure_weight = 10 }
		victory_points = { 721010 }	# Komsomolsk-on-Amur
	}

	provinces={
		202 261 313 349 388 451 592 838 897 916 926 933 970 1050 1165 1463 1502 1762 2011 2198 2235 2260 2263 2360 2650 2770 2815 2841 2913 3024 3109 3444 3712 3726 4062 4117 4196 4369 4383 4468 4573 5303 5598 5977 6554 6583 6651 6894 7087 7111 7197 7198 7206 7210 7217 7249 7262 7268 7317 7325 7351 7352 7380 17243 17244 17245 17246 
	}
	manpower=567827
	buildings_max_level_factor=1.000
	state_category=large_city
}
