
state={
	id=227
	name="STATE_227"

	history={
		owner = FER
		add_core_of = FER
		set_variable = { division_limit_infrastructure_weight = 5 }
	}

	provinces={
		6 15 39 43 63 88 112 120 143 270 272 575 588 730 761 775 903 904 925 941 1088 1119 1198 1205 1206 1232 1245 1248 1271 1279 1337 1352 1429 1488 1512 1591 1804 1819 1853 1989 2045 2066 2111 2116 2171 2193 2236 2368 2385 2404 2438 2449 2505 2572 2652 2661 2688 2721 2722 2774 2820 2827 2840 3060 3076 3118 3125 3181 3226 3288 3297 3367 3741 3898 4023 4055 4058 4121 4235 4285 4296 4428 4459 4756 4772 4925 4991 5043 5166 5264 5273 5290 5433 5510 5588 5618 5685 5852 5892 5951 6010 6047 6071 6193 6447 6492 6841 6933 6986 7000 7108 7121 7159 7531 7581 7595 7599 7615 7623 7675 7691 7696 7701 7703 7712 7730 7744 7746 7841 7914 7918 7922 7936 7949 7953 7968 7969 7976 7979 7987 8005 8015 8018 8019 8063 8081 8158 8184 8185 
	}
	manpower=5627
	buildings_max_level_factor=1.000
	state_category=pastoral
}
