
state={
	id=228
	name="STATE_228"

	history={
		owner = ROC
		add_core_of = ROC
		set_variable = { division_limit_infrastructure_weight = 10 }
		#victory_points 
	}

	provinces={
		66 260 282 559 608 626 710 750 825 874 935 1015 1066 1090 1221 1236 1284 1368 1522 1529 1629 1632 1645 1694 1726 1801 1834 1836 1933 1937 1994 2039 2158 2162 2196 2211 2231 2245 2264 2276 2420 2440 2458 2541 2544 2687 2713 2737 2758 2845 2873 2885 2916 2921 3014 3152 3227 3417 3463 3493 3544 3621 3635 3689 3891 4015 4016 4067 4085 4115 4162 4167 4370 4419 4535 4607 4635 4651 4935 5098 5263 5279 5294 5318 5347 5503 5605 5639 5658 5696 5734 5797 5821 5908 6030 6091 6159 6168 6331 6344 6386 6410 6440 6534 6753 6786 6814 6842 9307 9315 9318 9319 9322 9328 9342 9362 9363 9364 9376 9378 9384 9387 9393 9394 9398 9405 9406 9407 9408 9410 9413 9414 9418 9420 9429 9431 9432 9434 9436 9440 9443 9449 9451 9456 9459 9464 9465 9468 9477 9479 9482 9492 9495 9500 9503 9506 9513 9516 9525 9528 9532 9533 9535 9538 9539 9546 9548 9551 9556 9561 9567 9570 17288 
	}
	manpower=567827
	buildings_max_level_factor=1.000
	state_category=large_city
}
