
state={
	id=229	# South Jilin
	name="STATE_229"

	history={
		owner = ROC
		add_core_of = ROC
		set_variable = { division_limit_infrastructure_weight = 10 }
		victory_points = { 4514 10 }	# Changchun
		victory_points = { 6489 5 }	# Kirin
	}

	provinces={
		59 195 307 326 437 475 482 553 1036 1038 1087 1115 1146 1152 1344 1411 1562 1631 1680 1729 1846 1854 2034 2104 2127 2396 2432 2501 2581 2635 2670 2802 2837 3082 3095 3306 3421 3542 3572 3633 3657 3799 3880 3926 4017 4046 4108 4130 4160 4315 4319 4327 4339 4376 4471 4491 4514 4517 4557 4639 4649 4716 4808 4840 4937 4959 4982 5087 5114 5158 5326 5340 5517 5587 5625 5694 5753 6081 6112 6185 6231 6240 6391 6489 6671 6696 6792 6948 7007 7017 8616 8637 8641 8664 8667 8668 8673 8688 8695 8722 8723 8734 8746 8749 8753 8756 8762 8770 8774 8776 8781 8785 8790 8796 8800 8803 8808 8828 8836 8840 8846 8849 8850 8853 8855 8856 8864 8867 8875 8876 8878 8886 8900 8906 8908 8909 8920 8932 8938 8944 8956 8961 8971 8987 9000 17276 17279 
	}
	manpower=567827
	buildings_max_level_factor=1.000
	state_category=large_city
}
