
state={
	id=231	# "West Heilongjiang"
	name="STATE_231"

	history={
		owner = ROC
		add_core_of = ROC
		set_variable = { division_limit_infrastructure_weight = 10 }
		victory_points = { 1487 5 }	# Daqing
	}

	provinces={
		3 7 14 18 41 42 57 81 148 167 183 210 263 302 309 369 378 421 636 646 739 760 854 872 894 1010 1012 1042 1078 1103 1108 1151 1181 1184 1285 1318 1325 1332 1357 1457 1460 1477 1487 1495 1608 1609 1682 1753 1777 1851 1860 1868 1906 1988 2065 2225 2238 2318 2344 2362 2369 2424 2629 2656 2667 2695 2782 2799 2805 2844 2954 3008 3103 3137 3165 3263 3336 3339 3352 3439 3499 3582 3620 3628 3644 3645 3873 3878 3895 3912 3914 3981 4001 4020 4086 4131 4156 4201 4283 4301 4334 4368 4397 4418 4437 4462 4509 4530 4608 4621 4626 4636 4746 4794 4798 4832 4869 4882 4902 4922 4965 4969 4972 4997 5124 5222 5230 5277 5284 5305 5363 5394 5401 5408 5465 5474 5480 5497 5552 5557 5623 5650 5702 5798 5840 5860 5879 5940 6017 6040 6145 6149 6154 6208 6244 6258 6291 6324 6347 6363 6513 6532 6543 6566 6573 6578 6598 6654 6675 6680 6711 6826 6850 6862 6868 6896 7048 7105 7959 7977 7980 7999 8016 8022 8040 8041 8042 8044 8045 8047 8053 8065 8071 8074 8086 8087 8091 8094 8097 8102 8109 8115 8118 8121 8123 8124 8130 8135 8139 8142 8146 8147 8152 8153 8154 8156 8159 8162 8168 8177 8178 8179 8187 8188 8190 8194 8195 8196 8197 8200 8202 8203 8205 8210 8213 8215 8218 8219 8222 8223 8232 8236 8241 8242 8244 8245 8250 8251 8256 8258 8266 8272 8279 8281 8287 8294 8296 8297 8301 8302 8305 8307 8310 8312 8316 8322 8326 8327 8330 8332 8335 8340 8343 8344 8346 8349 8351 8357 8360 8365 8367 8368 8371 8375 8376 8383 8387 8395 8410 8416 8422 8437 8448 17230 17255 17256 17258 17259 17260 17261 17263 17264 17266 17267 17268 17269 
	}
	manpower=567827
	buildings_max_level_factor=1.000
	state_category=large_city
}
