
state={
	id=232	# "North Jilin"
	name="STATE_232"

	history={
		owner = ROC
		add_core_of = ROC
		set_variable = { division_limit_infrastructure_weight = 10 }
		victory_points = { 3140 5 }	# Songyuan
	}

	provinces={
		10 11 49 92 105 235 242 308 351 584 744 785 796 827 834 884 887 950 980 998 1241 1338 1471 1567 1618 1704 2005 2077 2119 2172 2185 2295 2437 2453 2511 2566 2590 2655 2748 2857 2914 2999 3078 3115 3140 3148 3255 3451 3468 3488 3524 3557 3622 3683 3815 3899 4045 4070 4133 4149 4189 4218 4221 4233 4287 4302 4338 4359 4488 4523 4562 4777 4792 5088 5223 5249 5396 5431 5506 5519 5542 5578 5590 5595 5596 5603 5632 5669 5728 5993 6079 6213 6313 6319 6390 6458 6539 6628 6670 6801 6834 6863 6940 6950 6967 7068 7101 7115 8403 8425 8428 8429 8436 8444 8454 8456 8467 8469 8470 8472 8487 8489 8498 8503 8514 8517 8520 8524 8530 8538 8541 8547 8553 8560 8563 8564 8571 8585 8588 8591 8600 8611 8620 8628 8634 8636 8639 8640 8647 8653 8672 8676 8681 8684 8685 8696 8699 8700 8714 8715 8716 8721 8729 8739 8760 8773 8778 8814 8848 8929 17168 17211 17270 17272 17273 
	}
	manpower=567827
	buildings_max_level_factor=1.000
	state_category=large_city
}
