
state={
	id=234	# "Hun (river)"
	name="STATE_234"

	history={
		owner = ROC
		add_core_of = ROC
		set_variable = { division_limit_infrastructure_weight = 10 }
		victory_points = { 5791 5 }	# Tonghua
		victory_points = { 9446 3 }	# Baishan
	}

	provinces={
		257 372 484 610 661 727 803 931 953 1054 1063 1101 1156 1164 1479 1716 1782 1797 1987 2021 2265 2277 2326 2329 2379 2580 2660 2752 3015 3025 3075 3086 3112 3229 3387 3397 3505 3748 3750 3776 3857 4141 4188 4232 4355 4477 4743 4881 4884 4999 5110 5217 5266 5356 5378 5422 5610 5643 5659 5791 5802 5907 6187 6362 6426 6483 6499 6611 6625 6764 6783 6920 7166 7169 9191 9229 9233 9254 9273 9295 9312 9335 9337 9338 9356 9375 9390 9401 9411 9415 9421 9426 9446 9461 9463 9478 9501 9504 9509 9522 9526 9547 9569 9582 9605 17290 
	}
	manpower=567827
	buildings_max_level_factor=1.000
	state_category=large_city
}
