
state={
	id=239	# Mudan (river)"
	name="STATE_239"

	history={
		owner = ROC
		add_core_of = ROC
		set_variable = { division_limit_infrastructure_weight = 10 }
		victory_points = { 5370 10 }	# Mudanjiang
		
		set_variable = { state_religion_buddhism = 0.05 }
		set_variable = { state_religion_shinto = 0 }
		set_variable = { state_religion_christianity = 0.05 }
		set_variable = { state_religion_taoism = 0.3 }
		set_variable = { state_religion_confucianism = 0.5 }
		set_variable = { state_religion_secularism = 0.1 }
		set_variable = { state_religion_cthulhu = 0 }
	}

	provinces={
		20 28 73 84 154 178 203 268 287 299 374 449 457 469 548 589 598 599 600 615 651 664 675 678 819 876 877 936 963 976 1200 1317 1355 1366 1394 1421 1433 1461 1500 1558 1603 1654 1677 1685 1689 1751 1790 1791 1793 1833 1866 1902 1915 1923 1978 2234 2243 2290 2332 2427 2543 2602 2606 2620 2625 2654 2678 2704 2705 2779 2790 2791 2950 2956 3053 3061 3128 3179 3216 3275 3305 3403 3554 3587 3602 3651 3652 3706 3761 3791 3827 3902 4000 4034 4074 4312 4331 4401 4452 4460 4548 4632 4644 4645 4662 4673 4800 4828 4878 4964 4973 5083 5112 5135 5139 5195 5212 5307 5325 5338 5361 5370 5405 5409 5451 5462 5466 5575 5644 5681 5686 5699 5761 5946 5948 6074 6151 6204 6245 6335 6373 6384 6406 6408 6420 6438 6464 6593 6626 6633 6645 6653 6667 6673 6698 6745 7022 7165 8262 8338 8362 8373 8384 8385 8394 8396 8401 8407 8441 8468 8477 8483 8504 8518 8523 8526 8527 8532 8544 8548 8555 8569 8572 8577 8593 8603 8612 8614 8624 8629 8631 8642 8654 8655 8656 8660 8678 8682 8687 8689 8691 8706 8707 8711 8718 8719 8720 8735 8737 8738 8747 8750 8754 8765 8777 8780 8793 8794 8798 8801 8820 8821 8824 8829 8843 8852 8854 8857 8861 8868 8879 8882 8889 8895 8901 8912 8913 8914 8924 8927 8939 8952 8965 8979 17277 17280 
	}
	manpower=567827
	buildings_max_level_factor=1.000
	state_category=rural
}
