
state={
	id=240	# Yanbian
	name="STATE_240"

	history={
		owner = ROC
		add_core_of = ROC
		set_variable = { division_limit_infrastructure_weight = 10 }
		victory_points = { 9064 3 }	# Yanjiangcun 
		
		set_variable = { state_religion_buddhism = 0.05 }
		set_variable = { state_religion_shinto = 0 }
		set_variable = { state_religion_christianity = 0.05 }
		set_variable = { state_religion_taoism = 0.3 }
		set_variable = { state_religion_confucianism = 0.5 }
		set_variable = { state_religion_secularism = 0.1 }
		set_variable = { state_religion_cthulhu = 0 }
	}

	provinces={
		87 274 390 460 499 534 663 681 779 974 1048 1143 1435 1441 1595 1621 1663 1718 1728 1733 1739 1756 1773 1823 1898 2079 2106 2135 2203 2217 2239 2268 2334 2408 2487 2574 2618 2634 2644 2717 2744 2788 2824 2875 2888 2974 2976 2978 3087 3090 3136 3167 3252 3282 3359 3480 3583 3604 3680 3716 3826 3864 3928 3957 4032 4089 4147 4265 4299 4354 4498 4585 4593 4602 4738 4803 4811 4897 4915 4981 5134 5297 5299 5354 5384 5398 5572 5602 5647 5800 5823 5850 5862 5965 6006 6202 6223 6297 6429 6473 6556 6694 6723 6774 6840 6910 7006 7070 7098 7132 7145 7151 8724 8768 8791 8795 8817 8826 8835 8858 8874 8919 8925 8950 8962 8963 8968 8970 8977 8980 8990 8995 9002 9004 9009 9014 9020 9021 9031 9038 9039 9042 9048 9057 9060 9062 9064 9073 9101 9121 9140 9143 9148 9151 9153 9154 9169 9184 9186 9187 9210 9218 9224 9236 9247 9257 9276 17281 
	}
	manpower=567827
	buildings_max_level_factor=1.000
	state_category=large_city
}
