
state={
	id=241	# Mulin (river)
	name="STATE_241"

	history={
		owner = ROC
		add_core_of = ROC
		set_variable = { division_limit_infrastructure_weight = 10 }
		victory_points = { 4373 5 }	# Jixi
	}

	provinces={
		61 62 91 186 229 265 267 297 312 426 507 535 547 638 679 984 1026 1070 1076 1109 1117 1123 1179 1185 1251 1296 1351 1397 1473 1475 1496 1662 1717 1800 1879 1929 1932 2003 2324 2425 2592 2632 2648 2649 2858 2919 2937 3023 3074 3079 3190 3243 3257 3340 3411 3412 3430 3489 3497 3518 3640 3643 3648 3766 3868 4056 4127 4128 4202 4373 4399 4412 4449 4478 4486 4508 4634 4717 4723 4784 4842 4850 5125 5237 5293 5672 5683 5695 5703 5819 5890 5985 5994 6055 6111 6116 6164 6206 6369 6560 6833 6916 6931 7057 7112 7157 8240 8252 8311 8321 8323 8354 8377 8379 8388 8389 8413 8417 8421 8423 8431 8432 8433 8438 8449 8450 8451 8457 8458 8465 8471 8478 8479 8506 8508 8519 8528 8539 8542 8549 8561 8565 8568 8574 8576 8578 8586 8587 8594 8598 8606 8607 8627 8644 8646 8659 8661 8666 8669 8677 8683 8697 8726 8733 8757 8759 8775 8804 8822 
	}
	manpower=567827
	buildings_max_level_factor=1.000
	state_category=large_city
}
