
state={
	id=242	# Shuangyashan (city)
	name="STATE_242"

	history={
		owner = ROC
		add_core_of = ROC
		set_variable = { division_limit_infrastructure_weight = 10 }
		victory_points = { 5804 5 }	# Shuangyashan
		victory_points = { 4267 5 }	# Qitaihe
		victory_points = { 8096 5 }	# Jiamusi
		victory_points = { 1927 3 }	# Hulin
		
		set_variable = { state_religion_buddhism = 0.05 }
		set_variable = { state_religion_shinto = 0 }
		set_variable = { state_religion_christianity = 0.05 }
		set_variable = { state_religion_taoism = 0.3 }
		set_variable = { state_religion_confucianism = 0.5 }
		set_variable = { state_religion_secularism = 0.1 }
		set_variable = { state_religion_cthulhu = 0 }
	}

	provinces={
		5 60 78 110 151 236 273 324 359 379 382 415 428 453 467 505 506 523 546 549 581 597 601 640 652 682 702 728 748 768 798 802 880 900 901 906 977 1020 1053 1062 1067 1074 1081 1083 1140 1157 1162 1167 1170 1201 1266 1272 1275 1289 1297 1302 1378 1385 1400 1413 1430 1434 1455 1466 1486 1494 1507 1536 1542 1550 1575 1589 1598 1630 1725 1746 1750 1768 1788 1795 1802 1813 1815 1841 1844 1863 1927 1931 1942 2017 2044 2055 2089 2129 2132 2140 2144 2153 2194 2250 2315 2316 2320 2351 2378 2380 2383 2384 2407 2417 2475 2519 2520 2529 2531 2560 2612 2624 2653 2658 2703 2751 2765 2777 2793 2804 2846 2870 2915 2959 2987 3002 3004 3019 3065 3098 3100 3114 3143 3203 3206 3217 3262 3271 3293 3349 3355 3360 3366 3381 3395 3409 3414 3416 3434 3443 3487 3533 3537 3541 3558 3618 3639 3642 3662 3670 3682 3686 3693 3710 3715 3734 3747 3764 3765 3819 3840 3874 3908 3927 3936 3960 3991 4005 4012 4060 4144 4169 4182 4187 4199 4204 4240 4263 4267 4293 4378 4379 4405 4422 4431 4438 4441 4484 4493 4504 4515 4525 4533 4540 4570 4574 4588 4641 4666 4686 4692 4694 4705 4736 4750 4770 4785 4830 4862 4896 4903 4948 4963 4971 4988 5000 5002 5035 5075 5177 5209 5314 5316 5335 5412 5469 5540 5577 5607 5612 5613 5651 5729 5777 5804 5849 5851 5861 5883 5899 5914 5934 5935 5952 5979 6021 6058 6097 6139 6156 6242 6252 6254 6281 6323 6360 6382 6427 6454 6491 6544 6572 6584 6616 6682 6725 6737 6746 6765 6795 6899 6911 6912 7021 7034 7074 7086 7167 7170 7666 7699 7748 7755 7759 7776 7780 7782 7799 7806 7809 7810 7811 7822 7823 7828 7835 7837 7839 7854 7856 7867 7883 7887 7888 7890 7891 7893 7903 7907 7925 7939 7948 7958 7967 7985 7996 7997 8004 8006 8007 8009 8011 8013 8014 8017 8023 8026 8027 8029 8030 8031 8032 8036 8039 8043 8049 8058 8062 8067 8076 8077 8083 8085 8088 8089 8096 8100 8103 8107 8108 8111 8114 8119 8132 8133 8138 8144 8145 8149 8151 8155 8157 8160 8164 8165 8167 8174 8180 8183 8186 8191 8198 8199 8201 8204 8212 8214 8217 8224 8226 8234 8235 8238 8247 8248 8254 8255 8259 8260 8264 8265 8270 8273 8275 8276 8277 8282 8286 8290 8292 8293 8298 8299 8304 8308 8314 8317 8318 8320 8334 8336 8337 8339 8341 8342 8345 8347 8350 8352 8355 8363 8366 8374 8380 8390 8391 8404 8405 8408 8414 8419 8434 8443 8455 8484 8494 8511 17231 17220 17203 17222 17192 17176 17219
	}
	manpower=567827
	buildings_max_level_factor=1.000
	state_category=large_city
}
