
state={
	id=243	# Hegang (city)
	name="STATE_243"

	history={
		owner = ROC
		add_core_of = ROC
		set_variable = { division_limit_infrastructure_weight = 10 }
		victory_points = { 3856 10 }	# Hegang
	}

	provinces={
		69 99 131 165 179 197 224 300 395 572 603 607 642 653 684 805 849 861 920 979 1068 1071 1107 1149 1196 1225 1247 1261 1295 1506 1515 1624 1671 1859 1883 1890 1959 1963 2201 2221 2254 2296 2477 2539 2552 2699 2821 2929 2993 3011 3173 3219 3568 3591 3593 3650 3687 3738 3844 3856 3861 3872 3883 3941 4069 4071 4158 4259 4326 4454 4461 4687 4703 4734 4967 5041 5084 5245 5259 5438 5494 5505 5687 5743 5854 5973 6088 6107 6120 6146 6153 6233 6273 6311 6378 6461 6525 6576 6619 6655 6751 6755 6965 6985 7037 7148 7641 7653 7667 7669 7693 7714 7721 7725 7727 7729 7737 7750 7757 7762 7779 7789 7790 7794 7817 7818 7827 7831 7832 7843 7844 7847 7853 7855 7863 7864 7873 7875 7876 7894 7897 7902 7905 7906 7912 7917 7923 7928 7929 7931 7935 7944 7945 7950 7952 7954 7960 7961 7984 7995 8003 8061 8066 8078 8080 8105 8131 17253 17254 17257 
	}
	manpower=567827
	buildings_max_level_factor=1.000
	state_category=large_city
}
