
state={
	id=244	# Suihua (city)
	name="STATE_244"

	history={
		owner = ROC
		add_core_of = ROC
		set_variable = { division_limit_infrastructure_weight = 10 }
		victory_points = { 4006 5 }	# Suihua
		
		set_variable = { state_religion_buddhism = 0.05 }
		set_variable = { state_religion_shinto = 0 }
		set_variable = { state_religion_christianity = 0.05 }
		set_variable = { state_religion_taoism = 0.3 }
		set_variable = { state_religion_confucianism = 0.5 }
		set_variable = { state_religion_secularism = 0.1 }
		set_variable = { state_religion_cthulhu = 0 }
	}

	provinces={
		50 70 104 142 215 240 271 278 280 298 396 398 502 504 513 529 532 538 564 569 616 667 709 721 734 758 772 809 994 1025 1065 1075 1098 1134 1195 1204 1210 1238 1263 1278 1319 1370 1376 1414 1423 1427 1464 1576 1623 1633 1634 1651 1711 1763 1776 1789 1826 1832 1919 1922 2049 2067 2068 2086 2107 2118 2174 2200 2207 2241 2282 2283 2287 2342 2343 2372 2446 2455 2558 2605 2639 2676 2742 2755 2761 2768 2771 2795 2823 2831 2866 2952 2965 2980 2983 2985 3200 3215 3236 3269 3276 3294 3322 3325 3348 3356 3372 3376 3379 3428 3442 3460 3464 3556 3570 3578 3596 3600 3676 3753 3789 3807 3842 3877 3901 3924 3977 3979 3988 4006 4040 4084 4096 4118 4205 4214 4226 4231 4290 4294 4407 4425 4496 4513 4532 4543 4568 4643 4665 4677 4727 4790 4791 4806 4818 4932 4950 4990 5040 5047 5056 5159 5160 5232 5262 5275 5292 5331 5353 5483 5502 5511 5521 5549 5606 5622 5790 5876 5923 5925 5929 5942 6101 6128 6162 6180 6201 6218 6222 6275 6299 6352 6361 6463 6482 6567 6595 6600 6604 6623 6636 6713 6716 6789 6839 6957 7020 7024 7033 7041 7056 7067 7077 7082 7122 7126 7131 7798 7808 7821 7833 7834 7840 7852 7862 7865 7866 7874 7877 7878 7882 7889 7896 7899 7909 7911 7919 7920 7924 7927 7930 7951 7962 7970 7971 7972 7978 7982 7983 7986 7993 8000 8001 8002 8012 8025 8028 8038 8055 8056 8057 8059 8060 8069 8073 8075 8079 8082 8095 8098 8112 8113 8116 8125 8126 8127 8129 8136 8137 8140 8143 8148 8150 8161 8163 8170 8171 8172 8189 8193 8206 8207 8208 8211 8216 8221 8227 8228 8229 8230 8233 8237 8246 8249 8253 8257 8267 8274 8280 8283 8284 8285 8289 8295 8300 8303 8306 8313 8315 8328 8331 17262 
	}
	manpower=567827
	buildings_max_level_factor=1.000
	state_category=large_city
}
