
state={
	id=247	# Badzhal Range (I guess)
	name="STATE_247"

	history={
		owner = FER
		add_core_of = FER
		set_variable = { division_limit_infrastructure_weight = 5 } # 5 because theres not much around here
		#victory_points = { 568 5 }	# Birobidzhan
	}

	provinces={
		19 29 37 139 163 314 333 408 468 470 471 485 510 586 655 694 794 817 873 905 938 997 1093 1203 1209 1287 1323 1342 1402 1499 1510 1531 1549 1642 1655 1706 1707 1714 1771 1798 1805 1849 1991 2010 2036 2114 2115 2154 2249 2255 2256 2304 2488 2495 2496 2512 2514 2546 2556 2565 2637 2680 2760 2797 2907 2923 2946 2964 3054 3093 3113 3178 3214 3222 3235 3408 3482 3540 3695 3830 3860 3871 3888 3894 3930 3999 4132 4181 4256 4271 4516 4521 4598 4640 4661 4719 4729 4730 4773 4875 4952 5044 5050 5100 5101 5106 5122 5151 5206 5484 5620 5630 5747 5810 5847 5917 6042 6073 6102 6251 6381 6571 6614 6677 6690 6791 6827 6880 6893 6895 6914 7144 7190 7191 7192 7193 7194 7208 7226 7232 7235 7242 7243 7245 7261 7272 7273 7280 7286 7294 7297 7303 7316 7336 7345 7371 7383 7385 7394 7398 7403 7408 7425 7434 7472 7481 7491 7496 7507 7516 7518 7527 7585 7588 7592 7600 7614 7637 7670 7694 7734 7763 
	}
	manpower=567827
	buildings_max_level_factor=1.000
	state_category=pastoral
}
