
state={
	id=248	# Zeya (river)
	name="STATE_248"

	history={
		owner = FER
		add_core_of = FER
		set_variable = { division_limit_infrastructure_weight = 5 } # 5 because theres not much around here
		victory_points = { 3281 5 }	# Blagoveshchensk
		victory_points = { 7287 3 }	# Raichikhinsk
	}

	provinces={
		89 212 276 295 360 384 425 466 477 497 718 747 749 793 882 928 944 1045 1138 1333 1346 1525 1691 1821 2103 2134 2156 2180 2347 2419 2621 2868 3033 3281 3302 3478 3553 3555 3647 3858 3932 4125 4195 4286 4300 4335 4424 4953 4984 5051 5052 5143 5225 5253 5291 5321 5380 5382 5493 5515 5568 5574 5583 5646 5665 5723 5733 5752 5789 5865 5909 5999 6170 6394 6404 6474 6547 6549 6553 6613 6875 7137 7149 7180 7181 7182 7183 7184 7185 7186 7187 7188 7189 7209 7211 7219 7224 7228 7229 7237 7247 7252 7255 7270 7271 7276 7284 7287 7299 7301 7302 7304 7307 7310 7319 7342 7366 
	}
	manpower=567827
	buildings_max_level_factor=1.000
	state_category=large_city
}
