
state={
	id=249	# Khingansky (reserve)
	name="STATE_249"

	history={
		owner = FER
		add_core_of = FER
		set_variable = { division_limit_infrastructure_weight = 5 } # 5 because theres not much around here
		victory_points = { 5389 1 }	# Arkhara
	}

	provinces={
		8 16 134 160 207 279 405 540 621 729 777 804 815 843 919 956 1091 1158 1208 1274 1472 1639 1710 1837 1904 2319 2348 2357 2376 2388 2412 2439 2474 2599 2657 2671 2931 3064 3223 3265 3446 3585 3735 3762 3875 3884 3962 3976 4223 4272 4489 4528 4578 4580 4605 4751 5258 5306 5389 5411 5701 5803 5829 5842 5936 6108 6125 6484 6504 6509 6958 7052 7220 7223 7225 7236 7250 7264 7265 7277 7289 7290 7296 7311 7323 7332 7335 7349 7369 7388 7393 7407 7413 7419 7478 7501 
	}
	manpower=567827
	buildings_max_level_factor=1.000
	state_category=large_city
}
