
state={
	id=251	# Nen (river)
	name="STATE_251"

	history={
		owner = ROC
		add_core_of = ROC
		set_variable = { division_limit_infrastructure_weight = 5 } # 5 because theres not much around here
		victory_points = { 7454 5 }	# Nenjiang
		
		set_variable = { state_religion_buddhism = 0.05 }
		set_variable = { state_religion_shinto = 0 }
		set_variable = { state_religion_christianity = 0.05 }
		set_variable = { state_religion_taoism = 0.3 }
		set_variable = { state_religion_confucianism = 0.5 }
		set_variable = { state_religion_secularism = 0.1 }
		set_variable = { state_religion_cthulhu = 0 }
	}

	provinces={
		68 80 93 94 108 122 126 140 201 220 222 244 318 331 344 347 361 409 414 436 438 452 472 480 495 583 637 650 656 676 699 778 792 797 833 841 850 862 865 922 955 971 1011 1021 1022 1024 1033 1073 1089 1142 1192 1222 1242 1255 1282 1308 1347 1353 1356 1360 1387 1440 1468 1485 1514 1517 1563 1585 1597 1610 1620 1670 1690 1695 1709 1715 1722 1731 1747 1752 1812 1924 1965 1977 2014 2018 2023 2122 2152 2177 2199 2202 2206 2240 2242 2297 2311 2330 2335 2337 2361 2367 2382 2393 2451 2518 2522 2538 2542 2563 2567 2571 2586 2715 2723 2731 2747 2822 2832 2836 2856 2880 2945 2948 3045 3099 3105 3126 3162 3188 3256 3283 3301 3329 3351 3358 3370 3377 3400 3435 3456 3458 3546 3549 3560 3575 3613 3665 3733 3752 3763 3797 3831 3870 3909 3916 3918 3940 3978 3990 3992 4003 4011 4031 4076 4151 4153 4209 4220 4304 4310 4317 4342 4361 4395 4473 4505 4518 4556 4558 4599 4600 4614 4689 4708 4709 4728 4739 4788 4809 4836 4846 4847 4859 4945 5006 5014 5017 5042 5057 5070 5105 5126 5127 5180 5224 5265 5269 5281 5324 5374 5395 5416 5472 5532 5544 5570 5679 5711 5718 5824 5893 5910 5919 5981 6059 6069 6152 6197 6247 6267 6290 6293 6308 6337 6357 6387 6405 6442 6512 6517 6575 6586 6587 6591 6608 6640 6661 6700 6707 6775 6776 6794 6799 6804 6903 6954 6972 7073 7107 7120 7133 7163 7384 7387 7402 7411 7412 7414 7416 7427 7428 7429 7431 7432 7436 7437 7438 7449 7452 7453 7454 7464 7465 7467 7477 7480 7485 7486 7487 7490 7492 7497 7500 7504 7509 7512 7521 7522 7524 7529 7541 7543 7544 7545 7551 7552 7556 7557 7563 7567 7574 7575 7583 7590 7593 7597 7598 7605 7611 7620 7621 7625 7629 7639 7640 7644 7649 7656 7661 7662 7663 7664 7676 7677 7680 7683 7685 7689 7697 7698 7710 7716 7717 7724 7731 7738 7742 7743 7749 7753 7767 7772 7773 7774 7777 7785 7787 7788 7792 7797 7801 7804 7807 7814 7816 7820 7829 7830 7838 7846 7848 7850 7851 7858 7861 7871 7881 7886 7892 7900 7908 7910 7916 7934 7937 7938 7943 7955 7956 7957 7974 7981 7992 7994 8010 8035 8048 8054 8070 17252 
	}
	manpower=567827
	buildings_max_level_factor=1.000
	state_category=rural
}
