state={
	id=26
	name="STATE_26"
	provinces={
		47 246 310 515 595 633 731 863 898 966 1176 1306 1653 1697 1785 1838 1996 2087 2487 2570 2583 2894 3088 3122 3171 3210 3250 3334 3398 3475 3477 3660 3788 3967 4073 4146 4165 4238 4242 4254 4358 4386 4538 4691 4848 5200 5375 5485 5496 5561 5637 5652 5792 5835 6052 6135 6175 6188 6309 6452 6495 6537 6631 6683 6742 6778 6802 6956 6995 9450 9472 9481 9485 9493 9497 9502 9515 9519 9523 9534 9540 9542 9543 9544 9552 9553 9558 9565 9573 9576 9585 9596 9606 9613 9615 9622 9623 9628 9638 9642 9647 9648 9662 9667 9672 9678 9685 9694 9703 
	}
	
	history={
		owner = JOS
		add_core_of = JOS
	}
	
	manpower=1
	state_category=town
	buildings_max_level_factor=1.000
}
