
state={
	id=27
	name="STATE_27"

	history={
		owner = JOS
		add_core_of = JOS

	}

	provinces={
		166 189 226 285 355 433 622 645 895 969 1104 1211 1350 1490 1712 1881 1896 1912 1938 1972 2123 2397 2471 2494 2700 2702 2789 2889 2891 2934 2988 3041 3048 3121 3150 3191 3287 3331 3365 3423 3491 3543 3853 3922 3974 4143 4177 4429 4506 4584 4589 4725 4820 4845 4951 5048 5183 5210 5448 5449 5464 5534 5553 5582 5627 5719 5788 5856 5905 6028 6137 6295 6312 6460 6718 6866 6877 6881 6918 6978 7054 7081 7146 7156 9490 9517 9529 9563 9566 9568 9572 9579 9580 9584 9587 9592 9593 9599 9600 9602 9609 9611 9616 9629 9631 9634 9635 9641 9650 9651 9655 9658 9661 9666 9676 9681 9683 9687 9693 9696 9699 9706 9710 9713 9716 9718 9719 9724 9728 9733 9734 9735 9737 9743 9749 9753 9763 9764 9781 9791 9815 9820 9829 9844 9845 17289 
	}
	manpower=1
	buildings_max_level_factor=1.000
	state_category=town
}
