
state={
	id=28
	name="STATE_28"
	provinces={
		335 539 674 908 924 1086 1228 1299 1532 1660 1667 1975 2271 2490 2785 2874 2967 3237 3697 3739 3760 3892 4385 4411 4423 4497 4561 4627 4698 4745 5302 5379 5445 5675 5722 5745 5970 6098 6140 6300 6413 6418 6443 6609 6681 6704 6744 6787 6884 7069 7143 9521 9537 9541 9549 9550 9555 9560 9562 9574 9575 9589 9618 9625 9626 9627 9639 9640 9643 9654 9656 9660 9664 9674 9680 9682 9684 9686 9688 9689 9691 9697 9700 9701 9704 9705 9708 9709 9712 9714 9726 9729 9730 9739 9742 9756 9757 17293 17295 
	}
	
	history={
		owner = TOH
		add_core_of = TOH
	}
	
	manpower=1
	state_category=town
	buildings_max_level_factor=1.000
}
