
state={
	id=29
	name="STATE_29"
	provinces={
		156 323 354 367 404 446 585 630 643 836 844 848 889 892 947 1014 1118 1193 1315 1527 1688 1816 2146 2214 2222 2230 2292 2325 2403 2421 2434 2466 2468 2530 2549 2587 2608 2683 3159 3182 3197 3242 3251 3254 3261 3274 3327 3354 3511 3598 3603 3609 3711 3722 3923 4217 4740 4911 4934 4940 5053 5099 5137 5171 5182 5239 5287 5457 5584 5586 5619 5776 5784 5794 5866 5902 5911 5915 5933 5968 6038 6068 6072 6113 6121 6317 6334 6445 6502 6693 6808 6891 6917 6966 7004 9588 9594 9617 9619 9621 9630 9632 9636 9644 9657 9665 9671 9677 9679 9690 9695 9707 9711 9715 9717 9723 9725 9727 9732 9738 9741 9744 9745 9747 9750 9751 9754 9755 9760 9762 9765 9766 9767 9771 9774 9775 9779 9782 9783 9784 9787 9792 9793 9796 9801 9805 9807 9808 9811 9816 9821 9824 9825 9830 9837 9838 9841 9847 9854 9857 9858 9860 9865 9877 9883 9887 9895 9899 9900 9901 9902 9903 9913 9914 9920 9928 9931 9933 9941 9945 9950 9953 9961 9963 9977 9980 9983 10005 17294 
	}
	
	history={
		owner = JOS
		add_core_of = JOS
	}
	
	manpower=1
	state_category=town
	buildings_max_level_factor=1.000
}
