state={
	id=3
	name="STATE_3"
	provinces={
		8 16 89 134 207 212 276 279 295 360 384 405 425 466 477 497 540 621 718 729 747 749 777 793 804 815 843 882 919 928 944 956 1045 1091 1138 1158 1274 1333 1346 1525 1639 1691 1710 1821 1837 1904 2103 2134 2156 2180 2319 2347 2348 2357 2376 2388 2412 2419 2474 2599 2621 2657 2671 2868 3033 3064 3281 3302 3478 3553 3555 3585 3647 3762 3858 3875 3884 3932 3962 3976 4125 4195 4223 4272 4286 4300 4335 4424 4489 4528 4578 4580 4605 4751 4953 4984 5051 5052 5143 5225 5253 5258 5291 5306 5321 5380 5382 5389 5411 5493 5515 5568 5574 5583 5646 5665 5701 5723 5733 5752 5789 5803 5829 5865 5909 5936 5999 6108 6125 6170 6394 6404 6474 6484 6547 6549 6553 6613 6875 6958 7052 7137 7149 7180 7181 7182 7183 7184 7185 7186 7187 7188 7189 7209 7211 7219 7220 7223 7224 7225 7228 7229 7236 7237 7247 7250 7252 7255 7264 7265 7270 7271 7276 7284 7287 7289 7290 7296 7299 7301 7302 7304 7307 7310 7311 7319 7323 7332 7335 7342 7349 7366 7388 7393 7407 7413 7419 7478 7501 
	}
	
	history={
		owner = FER
		add_core_of = FER
	}
	
	manpower=1
	state_category=town
	buildings_max_level_factor=1.000
}
