
state={
	id=30
	name="STATE_30"
	provinces={
		113 119 342 448 614 683 770 962 1231 1283 1605 1852 1966 2190 2426 2769 2998 3005 3022 3127 3221 3333 3373 3402 3459 3561 3619 3674 3708 3730 3948 3970 4391 4414 4566 4606 4804 4924 5072 5178 5369 5491 5499 5507 5558 5731 5799 5808 5830 5886 5894 6001 6012 6205 6282 6444 6448 6462 6469 6679 6705 6749 6832 6926 6930 6932 6987 7013 7097 9722 9736 9758 9759 9761 9770 9778 9786 9798 9802 9806 9812 9817 9818 9827 9828 9834 9836 9840 9849 9851 9852 9853 9855 9859 9867 9870 9871 9872 9873 9875 9876 9879 9880 9882 9884 9886 9889 9891 9894 9897 9898 9906 9907 9908 9912 9915 9916 9923 9924 9925 9929 9934 9938 9943 9948 9951 9952 9954 9956 9967 9969 17296 17297 9861 
	}
	
	history={
		owner = JOS
		add_core_of = JOS
	}
	
	manpower=1
	state_category=town
	buildings_max_level_factor=1.000
}
