
state={
	id=31
	name="STATE_31"
	provinces={
		74 253 259 420 494 692 711 1199 1288 1372 1540 1741 1871 1935 2072 2281 2381 2506 2513 3123 3142 3225 3292 3696 3915 3945 4134 4236 4408 4550 4576 4960 4987 5036 5147 5296 5390 5399 5512 5691 5766 5815 5963 5972 6134 6336 6370 6506 6521 6551 6612 6719 6741 6757 6951 6983 7049 7127 9752 9769 9772 9777 9785 9797 9800 9819 9822 9826 9831 9832 9835 9842 9850 9868 9874 9878 9885 9892 9909 9910 9927 9932 9947 9962 9964 9970 9973 9985 9987 10009 10019 10026 10029 10033 10038 10046 10052 10055 17298 17299 
	}
	
	history={
		owner = TOH
		add_core_of = TOH
	}
	
	manpower=1
	state_category=town
	buildings_max_level_factor=1.000
}
