state={
	id=32
	name="STATE_32"
	provinces={
		65 125 153 410 660 672 737 742 752 753 888 1111 1121 1122 1141 1172 1217 1219 1738 1775 1960 2450 2743 2780 2869 2939 2947 3007 3070 3094 3108 3117 3146 3147 3157 3438 3508 3527 3595 3625 3658 3885 3925 4068 4082 4110 4124 4155 4159 4288 4466 4676 4678 4909 5062 5229 5339 5381 5385 5413 5560 5655 5666 5871 6064 6105 6147 6269 6320 6409 6538 6570 6588 6878 6939 7058 7147 9773 9788 9790 9794 9809 9813 9833 9839 9843 9862 9863 9893 9904 9911 9922 9930 9937 9942 9944 9946 9955 9957 9966 9971 9978 9979 9988 9990 9993 10000 10001 10008 10012 10016 10017 10022 10025 10027 10028 10032 10045 10047 10056 10062 10064 10066 10077 10082 
	}
	
	history={
		owner = TOH
		add_core_of = TOH
	}
	
	manpower=1
	state_category=town
	buildings_max_level_factor=1.000
}
