
state={
	id=33
	name="STATE_33"
	provinces={
		243 283 381 434 1006 1163 1391 1416 1454 1570 1578 1587 1872 1876 2095 2138 2175 2534 2685 2811 2908 3120 3248 3316 3364 3494 3701 3770 3773 4100 4180 4192 4239 4500 4541 4812 4843 4890 4901 4927 4976 4983 4986 4989 5059 5074 5270 5357 5403 5424 5614 5698 5716 5720 5809 6018 6019 6142 6266 6481 6708 6820 6888 6915 6925 7016 7045 7155 9803 9846 9848 9856 9866 9881 9890 9896 9905 9919 9921 9926 9935 9939 9940 9949 9958 9959 9960 9965 9968 9972 9974 9975 9976 9981 9982 9984 9986 9989 9991 9992 9994 9995 9997 9998 9999 10002 10003 10004 10007 10010 10013 10014 10015 10018 10020 10023 10030 10035 10036 10037 10040 10041 10043 10060 10061 10071 10079 10083 10085 10095 10099 17300 
	}
	
	history={
		owner = JOS
		add_core_of = JOS
	}
	
	manpower=1
	state_category=town
	buildings_max_level_factor=1.000
}
