state={
	id=36
	name="STATE_36"
	provinces={
		128 291 356 871 913 989 1099 1493 1740 1766 1967 1990 2289 2345 2504 2714 2917 3406 3725 3903 4168 4206 4243 4245 4262 4344 4372 5120 5161 5312 5350 5489 5642 5755 5954 6106 6189 6274 6579 6724 6947 6977 7028 7110 7119 7136 9996 10006 10011 10021 10024 10031 10042 10059 10065 10069 10070 10078 10081 10084 10087 10094 10098 10104 10110 10113 10116 10120 10127 10128 10129 10130 10135 10136 10144 10146 10152 10156 10159 10167 10171 10176 10177 10180 10183 10188 10189 10201 10202 10204 10207 10210 10219 
	}
	
	history={
		owner = JOS
		add_core_of = JOS
	}
	
	manpower=1
	state_category=town
	buildings_max_level_factor=1.000
}
