state={
	id=37
	name="STATE_37"

	state_category = rural

	history={
		owner = SHO
		buildings = {
			infrastructure = 3
			arms_factory = 1
			industrial_complex = 1
		}
		add_core_of = SHO
		victory_points = { 2739 1 }
		victory_points = { 2731 1 }
	}

	provinces={
		80 192 224 239 263 324 385 388 469 533 642 663 737 754 827 857 873 936 984 996 998 1018 1106 1125 1132 1134 1292 1313 1343 1387 1421 1453 1456 1480 1646 1651 1731 1751 1788 1836 1861 2626 2653 2672 2682 2707 2714 2715 2731 2739 2744 2765 2784 2788 2789 2799 2807 2827 2832 2833 2838 2843 2844 2849 2859 2864 2869 2877 2888 2906 2907 2911 2915 2924 2945 2947 2948 2955 2966 2986 2987 2992 2993 2998 3044 3122 3134 3142 
	}
	manpower=100000
	buildings_max_level_factor=1.000
	state_category=rural
}
