
state={
	id=38
	name="STATE_38"
	provinces={
		86 696 890 1244 1253 1349 1526 1607 2100 2882 2984 2994 3153 3228 3310 3427 3521 3552 3616 3821 3921 4139 4142 4234 4336 4880 4904 5154 5228 5609 5629 5737 5793 5827 5931 6330 7046 7160 10044 10050 10054 10058 10073 10075 10086 10091 10093 10100 10103 10106 10108 10111 10115 10121 10137 10138 10140 10143 10145 10151 10154 10155 10165 10169 10170 10172 10179 10186 10187 10191 10195 10200 10206 10208 10212 10214 10222 10225 10227 10232 10240 10251 10255 10259 10270 10274 10294 17301 
	}
	
	history={
		owner = JOS
		add_core_of = JOS
	}
	
	manpower=1
	state_category=town
	buildings_max_level_factor=1.000
}
