state={
	id=39
	name="STATE_39"
	provinces={
		883 1125 1207 1273 1298 1519 1961 2105 2159 2333 2472 2517 2601 2616 2896 2935 3096 3513 3629 3728 4101 4343 4726 4737 4954 5213 5282 5367 5645 5780 5896 6044 6155 6203 6228 6371 6477 6478 6620 6768 6829 10051 10067 10074 10076 10088 10089 10090 10097 10101 10105 10109 10114 10118 10123 10131 10134 10147 10157 10163 10196 10203 10216 10220 10223 10235 10237 10257 10258 10261 10273 10277 10279 10293 10297 10340 10349 10359 
	}
	
	history={
		owner = TOH
		add_core_of = TOH
	}
	
	manpower=1
	state_category=town
	buildings_max_level_factor=1.000
}
