state={
	id=4
	name="STATE_4"
	provinces={
		19 29 160 314 333 408 468 470 485 655 905 1203 1342 1402 1472 1499 1655 1706 1798 2115 2154 2255 2439 2495 2512 2556 2931 2964 3093 3178 3222 3223 3446 3735 3888 3894 4132 4729 4730 5101 5151 5620 5747 6073 6381 6504 6509 6571 7144 7190 7191 7235 7242 7243 7277 7294 7303 7316 7336 7345 7369 7371 7383 7385 7394 7398 4 15 22 34 43 46 48 51 64 96 112 120 121 139 145 147 149 181 202 206 211 218 219 233 261 269 284 289 304 313 317 322 330 346 349 358 364 368 371 388 419 441 450 451 454 459 471 483 490 496 503 508 509 514 517 521 533 543 575 586 590 591 592 605 618 639 673 713 715 723 738 740 759 775 781 783 789 794 807 814 817 838 847 855 873 893 897 903 916 921 925 926 933 941 945 946 948 958 968 970 982 983 1034 1050 1077 1102 1112 1119 1129 1130 1165 1168 1198 1205 1206 1209 1212 1218 1229 1232 1240 1248 1252 1270 1286 1287 1305 1323 1324 1352 1373 1392 1396 1404 1407 1412 1426 1443 1446 1449 1453 1459 1463 1474 1492 1502 1531 1543 1551 1568 1593 1594 1611 1625 1640 1643 1683 1686 1696 1702 1703 1723 1743 1748 1749 1762 1765 1772 1778 1804 1809 1817 1819 1825 1850 1855 1856 1861 1878 1889 1894 1911 1925 1940 1950 1962 1964 1983 1991 1992 1997 2010 2011 2020 2036 2045 2066 2082 2111 2116 2130 2145 2157 2163 2171 2173 2193 2198 2209 2218 2220 2228 2235 2236 2244 2249 2256 2260 2263 2299 2305 2317 2336 2352 2360 2398 2404 2438 2441 2480 2488 2505 2509 2548 2561 2565 2572 2575 2579 2585 2611 2628 2650 2661 2662 2675 2680 2686 2698 2701 2721 2722 2726 2729 2733 2770 2774 2778 2783 2815 2820 2827 2830 2839 2840 2841 2854 2881 2906 2913 2918 2923 2930 2933 2940 2953 2982 3006 3021 3024 3028 3060 3072 3076 3080 3109 3139 3170 3181 3184 3209 3226 3233 3319 3323 3341 3347 3350 3369 3444 3482 3501 3502 3523 3531 3536 3551 3654 3691 3695 3712 3718 3726 3777 3790 3802 3814 3822 3829 3835 3837 3839 3841 3866 3871 3890 3938 3968 3975 3987 4009 4022 4023 4027 4062 4079 4093 4099 4116 4117 4121 4122 4152 4164 4181 4183 4190 4191 4196 4210 4215 4235 4256 4258 4276 4285 4296 4298 4321 4356 4369 4383 4394 4447 4459 4465 4468 4476 4480 4482 4516 4527 4573 4594 4656 4669 4679 4704 4710 4718 4732 4748 4767 4773 4774 4856 4865 4872 4875 4876 4906 4925 4952 4992 4995 5008 5027 5033 5043 5055 5076 5091 5117 5189 5196 5199 5203 5206 5240 5250 5252 5256 5264 5278 5303 5308 5368 5421 5423 5433 5467 5484 5510 5514 5555 5598 5611 5628 5630 5678 5685 5750 5764 5810 5826 5843 5855 5892 5913 5943 5951 5977 6013 6032 6047 6060 6071 6089 6094 6181 6193 6212 6255 6278 6287 6328 6339 6353 6365 6368 6385 6389 6392 6447 6480 6488 6492 6501 6519 6554 6555 6562 6583 6599 6605 6621 6632 6637 6638 6641 6651 6677 6701 6734 6738 6759 6797 6841 6851 6852 6880 6894 6895 6900 6908 6914 6933 6963 6981 6986 7000 7036 7063 7075 7076 7087 7090 7108 7111 7140 7159 7192 7193 7194 7195 7196 7197 7198 7199 7200 7201 7202 7205 7206 7208 7210 7215 7217 7218 7221 7226 7230 7232 7233 7234 7245 7248 7249 7254 7256 7259 7261 7262 7268 7272 7273 7280 7286 7291 7292 7293 7297 7298 7305 7309 7312 7317 7320 7321 7325 7328 7330 7339 7346 7347 7350 7351 7352 7355 7356 7358 7365 7367 7370 7376 7380 7386 7389 7399 7403 7404 7405 7417 7420 7435 7439 7440 7442 7446 7447 7450 7455 7457 7458 7459 7461 7462 7466 7468 7469 7471 7475 7483 7495 7499 7508 7511 7517 7519 7528 7531 7532 7542 7548 7550 7553 7559 7560 7561 7562 7565 7568 7569 7572 7581 7582 7587 7589 7595 7596 7599 7604 7609 7615 7616 7617 7623 7628 7631 7636 7643 7648 7671 7672 7673 7675 7679 7682 7691 7695 7696 7701 7702 7712 7713 7715 7730 7735 7736 7744 7746 7752 7770 7783 7796 7812 7824 7825 7826 7836 7841 7845 7860 7872 7879 7884 7895 7913 7914 7915 7918 7921 7932 7940 7946 7949 7963 7973 7988 8015 8020 8110 8122 17243 17244 17245 17246 17247 17248 17249 17250 
	}
	
	history={
		owner = FER
		add_core_of = FER
	}
	
	manpower=1
	state_category=town
	buildings_max_level_factor=1.000
}
