state={
	id=41
	name="STATE_41"
	provinces={
		238 545 689 1001 1291 1365 1379 2798 2809 3158 3268 3286 3304 3420 3500 3705 3805 3812 3972 4529 4650 4766 4898 4970 5526 5656 5674 5749 5772 5984 6070 6099 6415 6455 6471 6686 10092 10112 10119 10124 10125 10132 10149 10153 10161 10164 10173 10174 10178 10181 10184 10185 10190 10192 10198 10205 10221 10229 10233 10236 10250 10254 10268 10278 10280 10286 10299 10308 10309 10319 10320 10332 
	}
	
	history={
		owner = TOH
		add_core_of = TOH
	}
	
	manpower=1
	state_category=town
	buildings_max_level_factor=1.000
}
