
state={
	id=44
	name="STATE_44"
	provinces={
		223 423 456 594 685 704 839 860 1005 1072 1300 1321 1383 1661 1665 1946 2040 2062 2181 2229 2246 2293 2307 2314 2422 2459 2460 2528 2535 2725 2992 3224 3298 3404 3530 3577 3724 4007 4291 4349 4352 4357 4417 4421 4520 4522 4586 4672 4813 4829 4998 5009 5049 5119 5153 5243 5257 5267 5301 5513 5525 5528 5594 5736 5746 5801 5997 6133 6256 6264 6446 6557 6699 6805 6806 6882 6901 6936 6942 10209 10217 10226 10228 10230 10241 10245 10246 10248 10249 10253 10256 10262 10267 10276 10282 10284 10285 10288 10295 10296 10302 10305 10317 10322 10327 10328 10329 10337 10344 10350 10351 10358 10366 10375 10378 10379 10395 10404 10408 10409 10414 10416 10418 10425 10429 10430 10445 10446 10448 10449 10454 10455 10459 10470 10471 10480 10490 10492 10494 10504 10507 10509 10514 10516 10524 10525 10540 17302 
	}
	
	history={
		owner = JOS
		add_core_of = JOS
	}
	
	manpower=1
	state_category=town
	buildings_max_level_factor=1.000
}
