state={
	id=45
	name="STATE_45"
	provinces={
		177 196 445 573 658 700 918 957 1144 1265 1281 1381 1528 1637 2091 2462 2603 2801 2862 2920 3447 3455 3906 3985 4333 4365 4374 4436 4536 4684 4761 4799 4891 4996 5079 5080 5095 5155 5387 5417 5520 5523 5573 5889 6441 6497 6540 6782 6836 6855 7015 7071 7113 10215 10234 10263 10298 10312 10315 10318 10321 10331 10334 10343 10345 10355 10364 10369 10371 10376 10382 10383 10389 10393 10396 10398 10403 10410 10420 10427 10434 10439 10443 10447 10456 10467 10476 10481 10484 10489 10497 10503 10506 10511 10515 10517 10526 10533 10536 10538 10545 10548 10554 10555 10556 10567 10570 10577 10587 10599 10600 10610 
	}
	
	history={
		owner = SHO
		add_core_of = SHO
	}
	
	manpower=1
	state_category=town
	buildings_max_level_factor=1.000
}
