
state={
	id=49
	name="STATE_49"
	provinces={
		275 380 397 439 566 714 769 902 929 1096 1215 1269 1417 1481 1584 1615 1811 1827 2060 2195 2308 2692 2861 3212 3440 3457 3465 3547 3769 3800 3867 3984 4087 4269 4347 4377 4416 4531 4595 4733 4742 4747 4762 4814 4831 4956 5616 5944 6217 6354 6398 6475 6603 6659 6828 6988 6997 6999 7091 7154 10330 10352 10353 10367 10373 10381 10384 10390 10392 10394 10397 10400 10402 10405 10412 10413 10415 10417 10419 10421 10432 10436 10437 10438 10440 10451 10452 10457 10461 10465 10466 10468 10469 10477 10478 10479 10485 10487 10495 10499 10500 10501 10510 10512 10513 10518 10522 10534 10535 10539 10541 10544 10549 10550 10551 10557 10562 10582 10596 10604 10611 17225 
	}
	
	history={
		owner = TOH
		add_core_of = TOH
	}
	
	manpower=1
	state_category=town
	buildings_max_level_factor=1.000
}
