state={
	id=59
	name="STATE_59"
	provinces={
		1 182 339 582 670 886 1007 1023 1169 1380 1399 1448 1452 1484 1673 1754 1874 1892 1917 1945 2006 2029 2075 2092 2096 2215 2354 2363 2478 2482 2614 2622 2626 2732 2825 2838 3036 3043 3047 3145 3198 3285 3308 3378 3432 3627 3681 3736 4066 4406 4426 4714 4854 4861 4883 5031 5255 5272 5342 5392 5428 5463 5486 5781 5812 5975 6020 6041 6130 6186 6241 6259 6292 6321 6349 6400 6425 6428 6487 6514 6541 6565 6736 6743 6754 6756 6772 6902 7171 7172 10566 10581 10591 10609 10616 10621 10623 10625 10632 10633 10634 10639 10657 10663 10676 10681 10685 10695 10700 10702 10707 10712 10715 10719 10720 10724 10731 10732 10741 10743 10744 10761 10770 10773 10775 10784 10785 10788 10795 10804 10810 10811 10812 10822 10826 10828 10834 10835 10838 10839 10840 10841 10842 10856 10857 10861 10864 10872 10874 10876 10877 10879 10886 10887 10892 10900 10907 10917 10918 10919 10922 10923 10937 10940 10955 10965 10980 10992 11004 
	}
	
	history={
		owner = JOS
		add_core_of = JOS
	}
	
	manpower=1
	state_category=town
	buildings_max_level_factor=1.000
}
