state={
	id=6
	name="STATE_6"
	provinces={
		13 37 152 163 194 292 357 385 387 393 413 424 510 568 620 691 694 706 722 733 938 997 1044 1093 1208 1341 1375 1510 1518 1549 1642 1656 1707 1714 1734 1771 1805 1849 1943 2016 2030 2070 2083 2097 2114 2121 2143 2253 2304 2339 2359 2395 2464 2496 2514 2532 2546 2637 2697 2760 2797 2907 2938 2946 2968 3029 3054 3113 3129 3214 3235 3241 3246 3265 3267 3270 3337 3343 3346 3361 3383 3408 3540 3610 3636 3780 3830 3860 3930 3937 3946 3983 3999 4224 4270 4271 4303 4390 4443 4521 4596 4598 4640 4661 4667 4670 4680 4719 4720 4781 4985 5044 5050 5100 5106 5122 5164 5328 5566 5585 5608 5732 5841 5842 5847 5916 5917 6042 6102 6132 6235 6248 6251 6377 6423 6457 6614 6688 6690 6791 6827 6893 6906 7051 7080 7408 7425 7434 7472 7481 7491 7496 7502 7507 7510 7516 7518 7527 7536 7558 7571 7578 7585 7586 7588 7592 7594 7600 7603 7613 7614 7622 7627 7630 7637 7638 7645 7654 7660 7670 7674 7678 7686 7687 7690 7694 7700 7711 7719 7722 7726 7728 7734 7758 7760 7763 7764 7766 7769 7775 7793 7795 7802 7819 
	}
	
	history={
		owner = FER
		add_core_of = FER
	}
	
	manpower=1
	state_category=town
	buildings_max_level_factor=1.000
}
