state={
	id=61
	name="STATE_61"
	provinces={
		144 755 1668 1839 1875 1888 1958 2073 2085 2170 2302 2374 2740 2904 3362 3573 3714 3754 3767 4280 4306 4362 4380 4479 4801 4919 5468 5811 5898 5926 6037 6067 6288 6520 6630 6848 6867 6890 7018 7050 7102 7117 10559 10564 10569 10590 10598 10601 10606 10614 10620 10627 10629 10638 10641 10645 10647 10648 10650 10653 10670 10671 10673 10684 10688 10701 10722 10737 10753 10767 10771 10772 10783 10793 10794 10799 10803 10805 10824 10832 10833 10851 10859 10860 
	}
	
	history={
		owner = JOS
		add_core_of = JOS
	}
	
	manpower=1
	state_category=town
	buildings_max_level_factor=1.000
}
