state={
	id=63
	name="STATE_63"
	provinces={
		155 225 362 516 520 632 915 951 1136 1786 1941 1974 2081 2108 2261 2298 2690 2719 2877 2899 3018 3144 3532 3574 3615 3679 3816 3905 4021 4051 4526 4657 4771 4775 4797 4928 4949 4978 5086 5090 5207 5346 5443 5661 5677 5705 5995 6016 6036 6080 6084 6085 6100 6129 6177 6183 6289 6498 6607 6860 6919 6961 7124 10576 10594 10602 10607 10608 10618 10626 10631 10635 10659 10665 10690 10698 10705 10709 10717 10742 10745 10758 10763 10764 10776 10781 10790 10800 10820 10836 10850 10866 10870 10873 10880 10908 10932 10952 10968 10977 10993 11003 11065 11069 11097 11142 11151 
	}
	
	history={
		owner = SHO
		add_core_of = SHO
	}
	
	manpower=1
	state_category=town
	buildings_max_level_factor=1.000
}
