
state={
	id=65
	name="STATE_65"
	provinces={
		173 234 443 1476 1541 1770 1947 2291 2353 2499 2943 2955 3299 3498 3745 3963 4430 5140 5146 5844 5900 6022 6399 6466 6550 6758 6819 6857 6909 6941 7001 10615 10622 10637 10640 10656 10661 10666 10669 10683 10687 10693 10703 10721 10739 10750 10755 10756 10759 10766 10769 10778 10779 10789 10798 10802 10815 10816 10819 10831 10837 10847 10849 10853 10863 10897 10898 10905 10914 10921 10947 17238 17304 
	}
	
	history={
		owner = PRO
		add_core_of = PRO
	}
	
	manpower=1
	state_category=town
	buildings_max_level_factor=1.000
}
