state={
	id=69
	name="STATE_69"
	provinces={
		54 204 745 780 800 822 1301 1403 1530 1652 1799 2208 2257 2370 2448 2638 2865 2928 2936 3057 3194 3278 3590 3631 3911 4248 4273 4307 4389 4551 4564 4768 4827 4853 5107 5145 5157 5198 6748 6796 6807 6859 7014 7065 10751 10762 10809 10823 10830 10883 10893 10901 10903 10929 10941 10948 10954 10957 10970 10982 10987 10988 11000 11006 11007 11026 11039 11040 11049 11053 11054 11064 11071 11080 11085 11091 11104 
	}
	
	history={
		owner = SHO
		add_core_of = SHO
	}
	
	manpower=1
	state_category=town
	buildings_max_level_factor=1.000
}
