state={
	id=73
	name="STATE_73"
	provinces={
		316 766 774 866 1058 1161 1393 1635 1659 2043 2444 2486 2559 3042 3081 3207 3313 3441 3913 4170 4382 4559 4609 4943 4993 5004 5334 5554 6029 6093 6257 6388 6526 6702 6740 6837 6898 7035 10846 10854 10869 10871 10881 10882 10885 10895 10896 10899 10902 10906 10912 10916 10935 10939 10950 10951 10960 10961 10969 10973 10975 10984 10995 10997 11012 11013 11014 11019 11035 11041 11045 11056 11076 11096 11131 
	}
	
	history={
		owner = JOS
		add_core_of = JOS
	}
	
	manpower=1
	state_category=town
	buildings_max_level_factor=1.000
}
