
state={
	id=78
	name="STATE_78"
	provinces={
		23 25 36 38 93 128 159 255 302 333 337 361 411 521 531 542 564 606 644 651 667 714 720 731 772 773 777 823 825 832 856 868 884 899 911 988 1003 1015 1017 1055 1079 1171 1176 1197 1198 1211 1219 1241 1256 1440 1443 1446 1462 1478 1496 1600 1615 1632 1638 1669 1673 1701 1717 1725 1749 1848 2048 2056 2061 2062 2066 2067 2069 2075 2076 2081 2084 2086 2087 2088 2089 2092 2093 2095 2097 2098 2099 2101 2102 2103 2104 2105 2106 2107 2108 2109 2110 2111 2112 2113 2114 2115 2116 2117 2119 2121 2122 2126 2127 2129 2130 2131 2135 2136 2137 2144 2153 2170 2173 2175 2177 2180 2182 2183 2185 2190 2195 2202 2205 2213 2214 
	}
	manpower=100000
	buildings_max_level_factor=1.000
	state_category=rural
}
