
state={
	id=8
	name="STATE_8"

	history={
		owner = FER
		add_core_of = FER

	}

	provinces={
		6 24 32 35 36 38 39 52 53 63 79 88 100 107 116 118 141 143 161 162 164 168 184 185 188 190 228 231 239 241 250 256 258 262 264 270 272 281 294 315 325 329 337 348 386 391 399 402 403 407 429 442 455 476 478 487 489 500 518 522 524 525 544 550 555 561 565 574 579 587 588 606 611 624 627 628 701 712 717 724 730 761 763 767 773 784 786 811 823 826 830 832 842 859 869 878 881 904 907 911 914 942 952 965 973 988 995 1000 1018 1027 1056 1064 1069 1084 1088 1100 1116 1128 1155 1173 1178 1190 1191 1234 1237 1239 1243 1245 1246 1260 1271 1277 1279 1280 1292 1307 1310 1312 1314 1320 1337 1354 1359 1361 1363 1382 1398 1415 1429 1431 1458 1478 1488 1498 1504 1505 1511 1512 1539 1544 1561 1586 1590 1591 1628 1641 1657 1672 1684 1721 1774 1779 1784 1794 1796 1807 1824 1828 1843 1853 1880 1891 1897 1910 1928 1948 1949 1952 1954 1970 1973 1982 1989 1998 2027 2033 2038 2046 2051 2080 2094 2101 2110 2117 2142 2160 2182 2183 2187 2192 2205 2216 2224 2226 2227 2269 2272 2286 2313 2327 2338 2368 2385 2392 2401 2409 2416 2418 2429 2449 2456 2491 2498 2508 2523 2527 2540 2545 2547 2593 2598 2627 2631 2636 2646 2651 2652 2663 2665 2679 2688 2694 2707 2718 2736 2738 2746 2750 2772 2794 2796 2800 2814 2817 2834 2851 2876 2887 2898 2909 2932 2944 2989 3000 3034 3040 3052 3059 3083 3091 3101 3118 3125 3131 3155 3163 3192 3202 3218 3247 3288 3295 3297 3312 3315 3363 3367 3394 3401 3415 3422 3449 3454 3466 3472 3476 3520 3545 3571 3612 3614 3646 3655 3675 3677 3723 3727 3741 3751 3756 3771 3778 3779 3781 3785 3793 3854 3886 3898 3900 3920 3949 3953 3958 3986 3997 4004 4010 4025 4036 4042 4044 4055 4058 4064 4078 4081 4092 4097 4102 4111 4150 4172 4179 4194 4200 4208 4211 4213 4227 4247 4249 4260 4261 4264 4289 4366 4387 4402 4403 4404 4428 4453 4455 4483 4499 4545 4553 4591 4604 4628 4631 4671 4685 4756 4757 4772 4841 4849 4863 4867 4887 4892 4975 4991 4994 5010 5018 5024 5025 5066 5077 5102 5115 5138 5144 5152 5166 5170 5173 5176 5190 5194 5221 5227 5235 5261 5273 5290 5332 5351 5376 5383 5404 5410 5415 5437 5439 5442 5456 5458 5481 5490 5498 5501 5509 5518 5531 5536 5547 5576 5588 5593 5618 5638 5690 5693 5706 5727 5738 5741 5754 5760 5768 5779 5828 5848 5852 5857 5864 5880 5881 5895 6000 6002 6004 6010 6024 6035 6057 6083 6092 6096 6103 6109 6163 6169 6179 6211 6237 6238 6265 6326 6345 6348 6355 6374 6375 6383 6435 6450 6490 6508 6516 6518 6528 6546 6548 6558 6602 6624 6639 6646 6652 6664 6672 6685 6691 6709 6728 6788 6846 6897 6905 6922 6924 6945 6969 6974 6979 6982 6984 7008 7060 7072 7089 7099 7109 7121 7152 7703 7704 7705 7723 7745 7751 7784 7868 7898 7922 7936 7941 7953 7968 7969 7976 7979 7987 7998 8005 8018 8019 8051 8063 8072 8081 8090 8092 8099 8101 8104 8120 8158 8175 8176 8181 8182 8184 8185 8192 8209 8220 8225 8231 8239 8243 8261 8263 8269 8271 8288 8291 8309 8319 8324 8329 8348 8356 8359 8364 8370 8378 8382 8386 8392 8399 8402 8409 8411 8415 8424 8426 8427 8430 8435 8439 8446 8447 8452 8453 8460 8462 8463 8475 8481 8482 8495 8496 8497 8505 8507 8509 8525 8529 8531 8533 8537 8540 8543 8545 8551 8554 8562 8566 8570 8579 8582 8583 8584 8586 8596 8597 8599 8605 8609 8610 8615 8617 8621 8622 8625 8626 8633 8635 8643 8648 8649 8650 8651 8652 8662 8663 8665 8670 8671 8674 8675 8679 8686 8690 8692 8693 8694 8698 8703 8704 8708 8712 8713 8717 8727 8731 8736 8743 8744 8751 8752 8758 8763 8769 8782 8783 8786 8792 8802 8810 8811 8813 8815 8816 8825 8831 8832 8837 8842 8844 8865 8866 8869 8887 8890 8891 8892 8893 8894 8897 8898 8910 8911 8915 8934 8940 8948 8949 8954 8958 8975 8981 8988 8997 9003 9006 9010 9015 9018 9023 9024 9035 9036 9040 9069 9071 9074 9075 9080 9083 9091 9092 9096 9102 9105 9112 9123 9130 9136 9137 9145 9160 9166 9174 9175 9181 9198 9206 9211 9221 9226 9239 9240 9259 9277 9282 9285 17163 17174 17175 17271 17287 
	}
	manpower=1
	buildings_max_level_factor=1.000
	state_category=town
}
