state={
	id=82
	name="STATE_82"

	state_category = rural

	history={
		owner = TOH
		buildings = {
			infrastructure = 3
			arms_factory = 1
			industrial_complex = 1
		}
		add_core_of = TOH
		victory_points = { 2167 1 }
	}

	provinces={
		85 94 118 121 146 155 247 269 288 486 504 520 541 567 583 601 636 658 676 678 702 743 804 812 820 853 908 913 973 985 1044 1064 1133 1184 1189 1223 1225 1252 1255 1282 1311 1316 1359 1374 1398 1491 1500 1503 1504 1567 1581 1584 1626 1630 1708 1735 1761 1768 2139 2141 2145 2147 2150 2151 2154 2157 2160 2161 2164 2165 2166 2167 2169 2171 2174 2176 2178 2184 2187 2189 2191 2194 2196 2197 2199 2203 2204 2206 2209 2210 2212 2216 2217 2221 2224 2225 2227 2236 2238 2239 2243 2244 2246 2247 2256 2257 2259 2261 2272 2273 2287 2293 2295 2317 2342 
	}
	manpower=100000
	buildings_max_level_factor=1.000
	state_category=rural
}
