state={
	id=84
	name="STATE_84"
	provinces={
		341 625 788 791 1139 1250 1616 1893 1921 2001 2008 2309 2600 2619 2897 2973 3151 3213 3245 3321 3473 3731 3919 4057 4091 4282 4674 4824 4837 4889 5150 5201 5202 5233 5349 5592 5648 5704 5756 5785 5961 6315 6810 7047 11108 11115 11120 11121 11138 11148 11152 11153 11161 11174 11191 11198 11245 11254 11279 11287 11293 11298 11303 11307 11310 11327 11332 11333 11339 11351 11356 11366 
	}
	
	history={
		owner = SHO
		add_core_of = SHO
	}
	
	manpower=1
	state_category=town
	buildings_max_level_factor=1.000
}
