state={
	id=9
	name="STATE_9"
	provinces={
		2 375 464 576 1194 1744 1842 1858 2099 2443 2470 2493 2754 2922 3017 3483 3663 3817 3939 4095 4154 4495 4503 4601 4700 4810 4914 5311 5543 5742 5833 6167 6359 6946 10981 10985 11009 11018 11032 11038 11044 11047 11074 11084 11157 11158 11172 11182 11192 11193 11210 11214 11222 11238 11252 11260 11267 11268 11276 11282 11283 11296 11297 11301 11306 11308 11309 11317 11323 11324 11325 11330 11346 11348 11349 11350 11355 11364 11369 11371 
	}
	
	history={
		owner = KAN
		add_core_of = KAN
	}
	
	manpower=1
	state_category=town
	buildings_max_level_factor=1.000
}
