state={
	id=90
	name="STATE_90"
	provinces={
		 5535 554 754 961 1497 1557 1582 2024 2588 2762 2995 3566 3666 3833 4448 4450 4655 4749 4893 4961 5045 5309 5787 5996 6023 6467 6714 6816 6883 7012 11232 11255 11275 11300 11304 11322 11336 11338 11344 11353 11363 11367 11368 11370 11373 11386 11387 11388 11393 11399 11400 11403 11408 11413 11415 11420 11421 11422 11423 11431 11432 11435 11436 11437 11441 11447 11449 11455 11464 11466 
	}
	
	history={
		owner = CHU
		add_core_of = CHU
	}
	
	manpower=1
	state_category=town
	buildings_max_level_factor=1.000
}
