
state={
	id=95
	name="STATE_95"
	provinces={
		20 35 46 54 78 87 143 202 250 300 322 396 408 416 442 444 463 517 577 646 672 679 713 759 790 805 822 867 935 971 990 1013 1023 1060 1152 1254 1281 1284 1297 1323 1366 1378 1380 1384 1396 1405 1409 1428 1450 1516 1532 1548 1605 1634 1674 1679 1691 1704 1709 1776 1804 1811 1817 1832 1839 2148 2149 2158 2162 2168 2179 2192 2198 2200 2201 2207 2208 2211 2215 2218 2219 2220 2222 2223 2226 2228 2229 2230 2231 2232 2233 2234 2235 2237 2240 2241 2242 2245 2248 2249 2251 2254 2258 2260 2262 2265 2266 2267 2274 2277 2278 2279 2283 2288 2289 2290 2294 2296 2301 2302 2307 2310 2313 2314 2318 2325 2336 2337 2345 2359 2360 2367 2375 2376 2379 2387 2391 2392 2414 2415 2416 2430 2431 2452 2467 2469 2474 2475 2504 2512 2547 2548 
	}
	manpower=100000
	buildings_max_level_factor=1.000
	state_category=rural
}
