state={
	id=97
	name="STATE_97"
	provinces={
		3 14 34 62 76 79 167 182 204 281 326 340 360 380 397 433 454 472 492 498 512 525 562 568 576 585 666 699 701 716 728 776 888 889 919 938 958 989 1022 1028 1031 1067 1099 1119 1178 1199 1287 1293 1295 1319 1334 1338 1340 1371 1412 1425 1441 1464 1502 1535 1552 1593 1624 1653 1764 1769 1801 1826 1850 2930 2960 2984 2997 3016 3017 3033 3039 3050 3063 3064 3070 3077 3095 3101 3103 3104 3108 3115 3121 3130 3131 3133 3141 3146 3147 3166 3171 3186 3202 3216 3217 3218 3219 3223 3230 3238 3245 3251 3252 3261 3262 3270 3281 3290 3296 3302 3303 3316 3330 3338 3339 3362 3363 3367 3371 3378 3381 3394 3395 3409 3414 3424 3426 3444 3445 3446 3455 3456 3465 3468 3474 3479 3493 3498 3505 3507 3515 3518 3543 3562 3607  
	}
	manpower=100000
    state_category = rural
	buildings_max_level_factor=1.000
}
